                                                          Feff 6.01l  potph 4.12
 Abs   Z=29 Rmt= 1.272 Rnm= 1.848 K shell
 Pot 1 Z= 8 Rmt= 1.028 Rnm= 1.494
 Gam_ch=1.761E+00 H-L exch
 Mu=-3.077E+00 kf=1.333E+00 Vint=-9.848E+00 Rs_int= 2.721
 S02  1.000                                               Feff 6.01l ff2chi 2.01
 Curved wave amplitude ratio filter   4.000%
    file           sig2  cw amp ratio   deg  nlegs  r effective
 feff0001.dat    0.00000    100.00      1.00     2   2.3000
    1/   1 paths used
 -------------------------------------------------------------------------------
      k          chi          mag           phase @#
     0.0000   -8.108003E-02  1.123195E-01 -8.065000E-01
     0.0500   -7.910120E-02  1.111429E-01 -7.919250E-01
     0.1000   -7.712965E-02  1.099664E-01 -7.773500E-01
     0.1500   -7.516617E-02  1.087898E-01 -7.627750E-01
     0.2000   -7.321151E-02  1.076133E-01 -7.482000E-01
     0.2500   -6.901105E-02  1.064367E-01 -7.054500E-01
     0.3000   -6.476104E-02  1.052601E-01 -6.627000E-01
     0.3500   -6.047197E-02  1.040836E-01 -6.199500E-01
     0.4000   -5.615426E-02  1.029070E-01 -5.772000E-01
     0.4500   -4.932214E-02  1.012460E-01 -5.088250E-01
     0.5000   -4.245773E-02  9.958502E-02 -4.404500E-01
     0.5500   -3.560020E-02  9.792403E-02 -3.720750E-01
     0.6000   -2.878774E-02  9.626304E-02 -3.037000E-01
     0.6500   -1.997634E-02  9.441125E-02 -2.132000E-01
     0.7000   -1.132857E-02  9.255946E-02 -1.227000E-01
     0.7500   -2.920280E-03  9.070767E-02 -3.219998E-02
     0.8000    5.177366E-03  8.885587E-02  5.830003E-02
     0.8500    1.446669E-02  8.703086E-02  1.670000E-01
     0.9000    2.319479E-02  8.520585E-02  2.757000E-01
     0.9500    3.126807E-02  8.338084E-02  3.844000E-01
     1.0000    3.860518E-02  8.155583E-02  4.931000E-01
     1.0500    4.615696E-02  7.987050E-02  6.161500E-01
     1.1000    5.267311E-02  7.818517E-02  7.392000E-01
     1.1500    5.808699E-02  7.649983E-02  8.622500E-01
     1.2000    6.235324E-02  7.481450E-02  9.853000E-01
     1.2500    6.596656E-02  7.329864E-02  1.119700E+00
     1.3000    6.821298E-02  7.178278E-02  1.254100E+00
     1.3500    6.910259E-02  7.026692E-02  1.388500E+00
     1.4000    6.867221E-02  6.875105E-02  1.522900E+00
     1.4500    6.706703E-02  6.737648E-02  1.666675E+00
     1.5000    6.411558E-02  6.600190E-02  1.810450E+00
     1.5500    5.993456E-02  6.462732E-02  1.954225E+00
     1.6000    5.466411E-02  6.325274E-02  2.098000E+00
     1.6500    4.782595E-02  6.152432E-02  2.251150E+00
     1.7000    4.019996E-02  5.979591E-02  2.404300E+00
     1.7500    3.202331E-02  5.806749E-02  2.557450E+00
     1.8000    2.353693E-02  5.633907E-02  2.710600E+00
     1.8500    1.534976E-02  5.549185E-02  2.861325E+00
     1.9000    7.059024E-03  5.464463E-02  3.012050E+00
     1.9500   -1.139475E-03  5.379742E-02  3.162775E+00
     2.0000   -9.057766E-03  5.295020E-02  3.313500E+00
     2.0500   -1.694276E-02  5.207162E-02  3.473000E+00
     2.1000   -2.413375E-02  5.119305E-02  3.632500E+00
     2.1500   -3.046595E-02  5.031448E-02  3.792000E+00
     2.2000   -3.580263E-02  4.943590E-02  3.951500E+00
     2.2500   -4.029210E-02  4.863805E-02  4.117850E+00
     2.3000   -4.352116E-02  4.784021E-02  4.284200E+00
     2.3500   -4.543895E-02  4.704236E-02  4.450550E+00
     2.4000   -4.603384E-02  4.624451E-02  4.616900E+00
     2.4500   -4.518271E-02  4.529963E-02  4.784250E+00
     2.5000   -4.309175E-02  4.435475E-02  4.951600E+00
     2.5500   -3.987136E-02  4.340987E-02  5.118950E+00
     2.6000   -3.566142E-02  4.246499E-02  5.286300E+00
     2.6500   -3.060074E-02  4.156687E-02  5.455775E+00
     2.7000   -2.486831E-02  4.066875E-02  5.625250E+00
     2.7500   -1.866304E-02  3.977064E-02  5.794725E+00
     2.8000   -1.219054E-02  3.887252E-02  5.964200E+00
     2.8500   -5.487753E-03  3.801593E-02  6.138325E+00
     2.9000    1.087307E-03  3.715933E-02  6.312450E+00
     2.9500    7.332807E-03  3.630274E-02  6.486575E+00
     3.0000    1.306586E-02  3.544615E-02  6.660700E+00
     3.0500    1.804036E-02  3.453633E-02  6.832800E+00
     3.1000    2.221613E-02  3.362651E-02  7.004900E+00
     3.1500    2.550159E-02  3.271670E-02  7.177000E+00
     3.2000    2.783839E-02  3.180688E-02  7.349100E+00
     3.2500    2.928013E-02  3.095683E-02  7.523350E+00
     3.3000    2.973939E-02  3.010678E-02  7.697600E+00
     3.3500    2.925206E-02  2.925673E-02  7.871850E+00
     3.4000    2.788405E-02  2.840668E-02  8.046100E+00
     3.4500    2.574811E-02  2.758817E-02  8.221275E+00
     3.5000    2.292653E-02  2.676966E-02  8.396450E+00
     3.5500    1.955049E-02  2.595115E-02  8.571625E+00
     3.6000    1.576368E-02  2.513265E-02  8.746800E+00
     3.6500    1.179409E-02  2.439076E-02  8.920075E+00
     3.7000    7.695189E-03  2.364888E-02  9.093350E+00
     3.7500    3.607721E-03  2.290699E-02  9.266625E+00
     3.8000   -3.351732E-04  2.216511E-02  9.439901E+00
     3.8500   -4.018829E-03  2.150068E-02  9.612801E+00
     3.9000   -7.358057E-03  2.083625E-02  9.785701E+00
     3.9500   -1.026398E-02  2.017183E-02  9.958601E+00
     4.0000   -1.266702E-02  1.950740E-02  1.013150E+01
     4.0500   -1.459084E-02  1.890915E-02  1.030618E+01
     4.1000   -1.593834E-02  1.831091E-02  1.048085E+01
     4.1500   -1.669841E-02  1.771267E-02  1.065553E+01
     4.2000   -1.688093E-02  1.711442E-02  1.083020E+01
     4.2500   -1.660777E-02  1.660814E-02  1.100230E+01
     4.3000   -1.584509E-02  1.610187E-02  1.117440E+01
     4.3500   -1.464511E-02  1.559559E-02  1.134650E+01
     4.4000   -1.307205E-02  1.508931E-02  1.151860E+01
     4.4500   -1.121079E-02  1.464410E-02  1.169448E+01
     4.5000   -9.103887E-03  1.419889E-02  1.187035E+01
     4.5500   -6.835666E-03  1.375368E-02  1.204623E+01
     4.6000   -4.491741E-03  1.330847E-02  1.222210E+01
     4.6500   -2.153028E-03  1.292794E-02  1.239905E+01
     4.7000    1.208250E-04  1.254740E-02  1.257600E+01
     4.7500    2.256942E-03  1.216687E-02  1.275295E+01
     4.8000    4.190932E-03  1.178634E-02  1.292990E+01
     4.8500    5.914397E-03  1.145764E-02  1.310878E+01
     4.9000    7.348949E-03  1.112893E-02  1.328765E+01
     4.9500    8.461150E-03  1.080023E-02  1.346653E+01
     5.0000    9.230654E-03  1.047153E-02  1.364540E+01
     5.0500    9.693668E-03  1.018636E-02  1.382488E+01
     5.1000    9.813992E-03  9.901194E-03  1.400435E+01
     5.1500    9.605560E-03  9.616026E-03  1.418383E+01
     5.2000    9.093300E-03  9.330858E-03  1.436330E+01
     5.2500    8.332102E-03  9.082041E-03  1.454640E+01
     5.3000    7.328398E-03  8.833224E-03  1.472950E+01
     5.3500    6.130278E-03  8.584408E-03  1.491260E+01
     5.4000    4.790638E-03  8.335591E-03  1.509570E+01
     5.4500    3.366923E-03  8.108709E-03  1.527978E+01
     5.5000    1.905003E-03  7.881826E-03  1.546385E+01
     5.5500    4.593112E-04  7.654943E-03  1.564793E+01
     5.6000   -9.189940E-04  7.428061E-03  1.583200E+01
     5.6500   -2.193935E-03  7.227686E-03  1.601638E+01
     5.7000   -3.324502E-03  7.027310E-03  1.620075E+01
     5.7500   -4.277647E-03  6.826935E-03  1.638513E+01
     5.8000   -5.028528E-03  6.626560E-03  1.656950E+01
     5.8500   -5.584788E-03  6.448332E-03  1.675528E+01
     5.9000   -5.915944E-03  6.270104E-03  1.694105E+01
     5.9500   -6.021698E-03  6.091876E-03  1.712683E+01
     6.0000   -5.910262E-03  5.913648E-03  1.731260E+01
     6.0500   -5.635300E-03  5.775723E-03  1.749972E+01
     6.1000   -5.174846E-03  5.637799E-03  1.768684E+01
     6.1500   -4.554093E-03  5.499874E-03  1.787396E+01
     6.2000   -3.803121E-03  5.361949E-03  1.806108E+01
     6.2500   -2.955548E-03  5.224025E-03  1.824820E+01
     6.3000   -2.047106E-03  5.086100E-03  1.843532E+01
     6.3500   -1.114171E-03  4.948176E-03  1.862244E+01
     6.4000   -1.923374E-04  4.810251E-03  1.880956E+01
     6.4500    6.849362E-04  4.672327E-03  1.899668E+01
     6.5000    1.487536E-03  4.534402E-03  1.918380E+01
     6.5500    2.214330E-03  4.441855E-03  1.937144E+01
     6.6000    2.833457E-03  4.349308E-03  1.955908E+01
     6.6500    3.326918E-03  4.256760E-03  1.974672E+01
     6.7000    3.682047E-03  4.164213E-03  1.993436E+01
     6.7500    3.891788E-03  4.071665E-03  2.012200E+01
     6.8000    3.954757E-03  3.979118E-03  2.030964E+01
     6.8500    3.875076E-03  3.886571E-03  2.049728E+01
     6.9000    3.662012E-03  3.794023E-03  2.068492E+01
     6.9500    3.329420E-03  3.701476E-03  2.087256E+01
     7.0000    2.895034E-03  3.608929E-03  2.106020E+01
     7.0500    2.399068E-03  3.547768E-03  2.124853E+01
     7.1000    1.835134E-03  3.486606E-03  2.143686E+01
     7.1500    1.225776E-03  3.425445E-03  2.162519E+01
     7.2000    5.944541E-04  3.364284E-03  2.181352E+01
     7.2500   -3.534879E-05  3.303123E-03  2.200185E+01
     7.3000   -6.410019E-04  3.241962E-03  2.219018E+01
     7.3500   -1.201538E-03  3.180801E-03  2.237851E+01
     7.4000   -1.698379E-03  3.119640E-03  2.256684E+01
     7.4500   -2.115950E-03  3.058478E-03  2.275517E+01
     7.5000   -2.442158E-03  2.997317E-03  2.294350E+01
     7.5500   -2.686365E-03  2.952093E-03  2.313440E+01
     7.6000   -2.825854E-03  2.906868E-03  2.332530E+01
     7.6500   -2.858650E-03  2.861644E-03  2.351620E+01
     7.7000   -2.786800E-03  2.816419E-03  2.370710E+01
     7.7500   -2.616182E-03  2.771195E-03  2.389800E+01
     7.8000   -2.356171E-03  2.725970E-03  2.408890E+01
     7.8500   -2.019186E-03  2.680746E-03  2.427980E+01
     7.9000   -1.620128E-03  2.635521E-03  2.447070E+01
     7.9500   -1.175744E-03  2.590297E-03  2.466160E+01
     8.0000   -7.039340E-04  2.545073E-03  2.485250E+01
     8.0500   -2.162107E-04  2.505156E-03  2.504633E+01
     8.1000    2.642905E-04  2.465240E-03  2.524016E+01
     8.1500    7.196053E-04  2.425324E-03  2.543398E+01
     8.2000    1.133285E-03  2.385407E-03  2.562781E+01
     8.2500    1.490991E-03  2.345491E-03  2.582164E+01
     8.3000    1.780987E-03  2.305575E-03  2.601546E+01
     8.3500    1.994517E-03  2.265659E-03  2.620929E+01
     8.4000    2.126056E-03  2.225742E-03  2.640312E+01
     8.4500    2.173420E-03  2.185826E-03  2.659694E+01
     8.5000    2.137750E-03  2.145910E-03  2.679077E+01
     8.5500    2.024736E-03  2.109105E-03  2.698734E+01
     8.6000    1.837764E-03  2.072300E-03  2.718391E+01
     8.6500    1.586655E-03  2.035495E-03  2.738048E+01
     8.7000    1.283440E-03  1.998690E-03  2.757705E+01
     8.7500    9.418144E-04  1.961885E-03  2.777362E+01
     8.8000    5.765263E-04  1.925080E-03  2.797019E+01
     8.8500    2.027497E-04  1.888275E-03  2.816675E+01
     8.9000   -1.645424E-04  1.851470E-03  2.836332E+01
     8.9500   -5.111777E-04  1.814665E-03  2.855989E+01
     9.0000   -8.243307E-04  1.777860E-03  2.875646E+01
     9.0500   -1.098563E-03  1.746123E-03  2.895479E+01
     9.1000   -1.320006E-03  1.714385E-03  2.915311E+01
     9.1500   -1.481719E-03  1.682647E-03  2.935144E+01
     9.2000   -1.579416E-03  1.650910E-03  2.954976E+01
     9.2500   -1.611553E-03  1.619172E-03  2.974809E+01
     9.3000   -1.579299E-03  1.587434E-03  2.994641E+01
     9.3500   -1.486395E-03  1.555697E-03  3.014474E+01
     9.4000   -1.338909E-03  1.523959E-03  3.034306E+01
     9.4500   -1.144905E-03  1.492221E-03  3.054139E+01
     9.5000   -9.140380E-04  1.460483E-03  3.073971E+01
     9.5500   -6.599157E-04  1.437081E-03  3.093883E+01
     9.6000   -3.879407E-04  1.413678E-03  3.113794E+01
     9.6500   -1.095387E-04  1.390275E-03  3.133706E+01
     9.7000    1.639624E-04  1.366872E-03  3.153617E+01
     9.7500    4.217929E-04  1.343469E-03  3.173529E+01
     9.8000    6.541656E-04  1.320066E-03  3.193440E+01
     9.8500    8.526469E-04  1.296663E-03  3.213352E+01
     9.9000    1.010460E-03  1.273260E-03  3.233263E+01
     9.9500    1.122710E-03  1.249857E-03  3.253175E+01
    10.0000    1.186527E-03  1.226454E-03  3.273086E+01
    10.0500    1.211195E-03  1.212976E-03  3.293253E+01
    10.1000    1.186479E-03  1.199498E-03  3.313419E+01
    10.1500    1.114468E-03  1.186020E-03  3.333585E+01
    10.2000    9.991345E-04  1.172541E-03  3.353752E+01
    10.2500    8.461309E-04  1.159063E-03  3.373918E+01
    10.3000    6.625232E-04  1.145585E-03  3.394084E+01
    10.3500    4.564679E-04  1.132107E-03  3.414251E+01
    10.4000    2.368527E-04  1.118629E-03  3.434417E+01
    10.4500    1.291467E-05  1.105150E-03  3.454583E+01
    10.5000   -2.061478E-04  1.091672E-03  3.474750E+01
    10.5500   -4.115528E-04  1.078194E-03  3.494916E+01
    10.6000   -5.952868E-04  1.064716E-03  3.515082E+01
    10.6500   -7.504169E-04  1.051238E-03  3.535249E+01
    10.7000   -8.713510E-04  1.037759E-03  3.555415E+01
    10.7500   -9.540361E-04  1.024281E-03  3.575582E+01
    10.8000   -9.960885E-04  1.010803E-03  3.595748E+01
    10.8500   -9.968510E-04  9.973248E-04  3.615914E+01
    10.9000   -9.573769E-04  9.838466E-04  3.636081E+01
    10.9500   -8.803439E-04  9.703684E-04  3.656247E+01
    11.0000   -7.699012E-04  9.568902E-04  3.676413E+01
    11.0500   -6.319424E-04  9.460487E-04  3.696762E+01
    11.1000   -4.711680E-04  9.352071E-04  3.717111E+01
    11.1500   -2.947362E-04  9.243656E-04  3.737459E+01
    11.2000   -1.102955E-04  9.135240E-04  3.757808E+01
    11.2500    7.434668E-05  9.026825E-04  3.778157E+01
    11.3000    2.515540E-04  8.918409E-04  3.798506E+01
    11.3500    4.141773E-04  8.809993E-04  3.818854E+01
    11.4000    5.558424E-04  8.701578E-04  3.839203E+01
    11.4500    6.711998E-04  8.593162E-04  3.859552E+01
    11.5000    7.561245E-04  8.484747E-04  3.879900E+01
    11.5500    8.078603E-04  8.376331E-04  3.900249E+01
    11.6000    8.251024E-04  8.267916E-04  3.920598E+01
    11.6500    8.080174E-04  8.159500E-04  3.940946E+01
    11.7000    7.581997E-04  8.051085E-04  3.961295E+01
    11.7500    6.785693E-04  7.942669E-04  3.981644E+01
    11.8000    5.732156E-04  7.834253E-04  4.001992E+01
    11.8500    4.471955E-04  7.725838E-04  4.022341E+01
    11.9000    3.062954E-04  7.617422E-04  4.042690E+01
    11.9500    1.567682E-04  7.509007E-04  4.063038E+01
    12.0000    5.057351E-06  7.400591E-04  4.083387E+01
    12.0500   -1.433348E-04  7.304372E-04  4.103822E+01
    12.1000   -2.819332E-04  7.208152E-04  4.124257E+01
    12.1500   -4.052056E-04  7.111932E-04  4.144691E+01
    12.2000   -5.084071E-04  7.015712E-04  4.165126E+01
    12.2500   -5.877614E-04  6.919493E-04  4.185561E+01
    12.3000   -6.405967E-04  6.823273E-04  4.205995E+01
    12.3500   -6.654303E-04  6.727053E-04  4.226430E+01
    12.4000   -6.620009E-04  6.630833E-04  4.246865E+01
    12.4500   -6.312470E-04  6.534613E-04  4.267299E+01
    12.5000   -5.752348E-04  6.438394E-04  4.287734E+01
    12.5500   -4.970397E-04  6.342174E-04  4.308169E+01
    12.6000   -4.005871E-04  6.245954E-04  4.328604E+01
    12.6500   -2.904612E-04  6.149734E-04  4.349038E+01
    12.7000   -1.716906E-04  6.053515E-04  4.369473E+01
    12.7500   -4.952022E-05  5.957295E-04  4.389908E+01
    12.8000    7.081917E-05  5.861075E-04  4.410342E+01
    12.8500    1.843351E-04  5.764855E-04  4.430777E+01
    12.9000    2.864802E-04  5.668636E-04  4.451212E+01
    12.9500    3.733344E-04  5.572416E-04  4.471647E+01
    13.0000    4.417541E-04  5.476196E-04  4.492081E+01
    13.0500    4.949360E-04  5.428591E-04  4.512975E+01
    13.1000    5.257782E-04  5.380987E-04  4.533869E+01
    13.1500    5.333302E-04  5.333382E-04  4.554763E+01
    13.2000    5.176730E-04  5.285777E-04  4.575657E+01
    13.2500    4.798975E-04  5.238172E-04  4.596551E+01
    13.3000    4.220393E-04  5.190567E-04  4.617445E+01
    13.3500    3.469732E-04  5.142962E-04  4.638339E+01
    13.4000    2.582724E-04  5.095357E-04  4.659233E+01
    13.4500    1.600397E-04  5.047752E-04  4.680127E+01
    13.5000    5.671881E-05  5.000147E-04  4.701021E+01
    13.5500   -4.710711E-05  4.952543E-04  4.721915E+01
    13.6000   -1.469181E-04  4.904938E-04  4.742809E+01
    13.6500   -2.384543E-04  4.857333E-04  4.763703E+01
    13.7000   -3.178979E-04  4.809728E-04  4.784597E+01
    13.7500   -3.820318E-04  4.762123E-04  4.805491E+01
    13.8000   -4.283692E-04  4.714518E-04  4.826385E+01
    13.8500   -4.552490E-04  4.666913E-04  4.847279E+01
    13.9000   -4.618921E-04  4.619308E-04  4.868173E+01
    13.9500   -4.484185E-04  4.571704E-04  4.889067E+01
    14.0000   -4.158244E-04  4.524099E-04  4.909961E+01
    14.0500   -3.664550E-04  4.485886E-04  4.930946E+01
    14.1000   -3.019261E-04  4.447673E-04  4.951930E+01
    14.1500   -2.253198E-04  4.409461E-04  4.972915E+01
    14.2000   -1.401963E-04  4.371248E-04  4.993899E+01
    14.2500   -5.042991E-05  4.333036E-04  5.014883E+01
    14.3000    3.996788E-05  4.294823E-04  5.035868E+01
    14.3500    1.270270E-04  4.256611E-04  5.056852E+01
    14.4000    2.069937E-04  4.218398E-04  5.077837E+01
    14.4500    2.764916E-04  4.180185E-04  5.098821E+01
    14.5000    3.326649E-04  4.141973E-04  5.119806E+01
    14.5500    3.732947E-04  4.103760E-04  5.140790E+01
    14.6000    3.968854E-04  4.065548E-04  5.161775E+01
    14.6500    4.027183E-04  4.027335E-04  5.182759E+01
    14.7000    3.908687E-04  3.989122E-04  5.203744E+01
    14.7500    3.621886E-04  3.950910E-04  5.224728E+01
    14.8000    3.182540E-04  3.912697E-04  5.245712E+01
    14.8500    2.612826E-04  3.874485E-04  5.266697E+01
    14.9000    1.940234E-04  3.836272E-04  5.287681E+01
    14.9500    1.196252E-04  3.798059E-04  5.308666E+01
    15.0000    4.148953E-05  3.759847E-04  5.329650E+01
    15.0500   -3.635831E-05  3.718404E-04  5.350501E+01
    15.1000   -1.109236E-04  3.676961E-04  5.371352E+01
    15.1500   -1.790479E-04  3.635518E-04  5.392203E+01
    15.2000   -2.379228E-04  3.594074E-04  5.413054E+01
    15.2500   -2.852051E-04  3.552631E-04  5.433905E+01
    15.3000   -3.191095E-04  3.511188E-04  5.454756E+01
    15.3500   -3.384747E-04  3.469745E-04  5.475607E+01
    15.4000   -3.427999E-04  3.428302E-04  5.496458E+01
    15.4500   -3.322526E-04  3.386859E-04  5.517309E+01
    15.5000   -3.076452E-04  3.345416E-04  5.538160E+01
    15.5500   -2.703849E-04  3.303973E-04  5.559011E+01
    15.6000   -2.223978E-04  3.262530E-04  5.579862E+01
    15.6500   -1.660320E-04  3.221087E-04  5.600713E+01
    15.7000   -1.039441E-04  3.179644E-04  5.621564E+01
    15.7500   -3.897497E-05  3.138200E-04  5.642415E+01
    15.8000    2.598009E-05  3.096757E-04  5.663266E+01
    15.8500    8.809999E-05  3.055314E-04  5.684117E+01
    15.9000    1.447606E-04  3.013871E-04  5.704968E+01
    15.9500    1.936454E-04  2.972428E-04  5.725819E+01
    16.0000    2.328400E-04  2.930985E-04  5.746670E+01
    16.0500    2.634161E-04  2.909727E-04  5.768074E+01
    16.1000    2.815867E-04  2.888469E-04  5.789478E+01
    16.1500    2.867048E-04  2.867211E-04  5.810882E+01
    16.2000    2.787286E-04  2.845953E-04  5.832286E+01
    16.2500    2.582141E-04  2.824695E-04  5.853690E+01
    16.3000    2.262812E-04  2.803437E-04  5.875094E+01
    16.3500    1.845543E-04  2.782179E-04  5.896498E+01
    16.4000    1.350804E-04  2.760920E-04  5.917902E+01
    16.4500    8.022923E-05  2.739662E-04  5.939306E+01
    16.5000    2.258003E-05  2.718404E-04  5.960710E+01
    16.5500   -3.519973E-05  2.697146E-04  5.982114E+01
    16.6000   -9.047766E-05  2.675888E-04  6.003518E+01
    16.6500   -1.407764E-04  2.654630E-04  6.024922E+01
    16.7000   -1.838848E-04  2.633372E-04  6.046326E+01
    16.7500   -2.179544E-04  2.612114E-04  6.067730E+01
    16.8000   -2.415792E-04  2.590856E-04  6.089134E+01
    16.8500   -2.538524E-04  2.569598E-04  6.110538E+01
    16.9000   -2.544001E-04  2.548340E-04  6.131942E+01
    16.9500   -2.433900E-04  2.527082E-04  6.153346E+01
    17.0000   -2.215150E-04  2.505824E-04  6.174750E+01
    17.0500   -1.902130E-04  2.490020E-04  6.196252E+01
    17.1000   -1.505862E-04  2.474217E-04  6.217753E+01
    17.1500   -1.045594E-04  2.458414E-04  6.239255E+01
    17.2000   -5.432760E-05  2.442611E-04  6.260756E+01
    17.2500   -2.251309E-06  2.426808E-04  6.282258E+01
    17.3000    4.925434E-05  2.411005E-04  6.303759E+01
    17.3500    9.783150E-05  2.395201E-04  6.325261E+01
    17.4000    1.412876E-04  2.379398E-04  6.346762E+01
    17.4500    1.776944E-04  2.363595E-04  6.368264E+01
    17.5000    2.054729E-04  2.347792E-04  6.389765E+01
    17.5500    2.234625E-04  2.331989E-04  6.411267E+01
    17.6000    2.309680E-04  2.316185E-04  6.432768E+01
    17.6500    2.277860E-04  2.300382E-04  6.454270E+01
    17.7000    2.142078E-04  2.284579E-04  6.475771E+01
    17.7500    1.909991E-04  2.268776E-04  6.497273E+01
    17.8000    1.593580E-04  2.252973E-04  6.518774E+01
    17.8500    1.208547E-04  2.237169E-04  6.540276E+01
    17.9000    7.735304E-05  2.221366E-04  6.561777E+01
    17.9500    3.092116E-05  2.205563E-04  6.583279E+01
    18.0000   -1.626705E-05  2.189760E-04  6.604780E+01
    18.0500   -6.119094E-05  2.169321E-04  6.625940E+01
    18.1000   -1.025616E-04  2.148882E-04  6.647100E+01
    18.1500   -1.386027E-04  2.128442E-04  6.668260E+01
    18.2000   -1.678095E-04  2.108003E-04  6.689420E+01
    18.2500   -1.890111E-04  2.087564E-04  6.710580E+01
    18.3000   -2.014169E-04  2.067125E-04  6.731740E+01
    18.3500   -2.046448E-04  2.046686E-04  6.752900E+01
    18.4000   -1.987309E-04  2.026247E-04  6.774060E+01
    18.4500   -1.841196E-04  2.005808E-04  6.795220E+01
    18.5000   -1.616357E-04  1.985368E-04  6.816380E+01
    18.5500   -1.324402E-04  1.964929E-04  6.837540E+01
    18.6000   -9.797097E-05  1.944490E-04  6.858700E+01
    18.6500   -5.987312E-05  1.924051E-04  6.879860E+01
    18.7000   -1.992040E-05  1.903612E-04  6.901020E+01
    18.7500    2.006711E-05  1.883173E-04  6.922180E+01
    18.8000    5.830580E-05  1.862733E-04  6.943340E+01
    18.8500    9.312821E-05  1.842294E-04  6.964500E+01
    18.9000    1.230556E-04  1.821855E-04  6.985660E+01
    18.9500    1.468607E-04  1.801416E-04  7.006820E+01
    19.0000    1.636174E-04  1.780977E-04  7.027980E+01
    19.0500    1.742224E-04  1.773398E-04  7.049806E+01
    19.1000    1.764999E-04  1.765819E-04  7.071631E+01
    19.1500    1.704131E-04  1.758240E-04  7.093457E+01
    19.2000    1.563216E-04  1.750661E-04  7.115282E+01
    19.2500    1.349609E-04  1.743082E-04  7.137108E+01
    19.3000    1.074046E-04  1.735503E-04  7.158933E+01
    19.3500    7.501006E-05  1.727923E-04  7.180759E+01
    19.4000    3.935226E-05  1.720344E-04  7.202584E+01
    19.4500    2.146855E-06  1.712765E-04  7.224410E+01
    19.5000   -3.483222E-05  1.705186E-04  7.246235E+01
    19.5500   -6.983735E-05  1.697607E-04  7.268061E+01
    19.6000   -1.012298E-04  1.690028E-04  7.289886E+01
    19.6500   -1.275564E-04  1.682449E-04  7.311712E+01
    19.7000   -1.476169E-04  1.674870E-04  7.333537E+01
    19.7500   -1.605184E-04  1.667291E-04  7.355363E+01
    19.8000   -1.657152E-04  1.659712E-04  7.377188E+01
    19.8500   -1.630311E-04  1.652133E-04  7.399014E+01
    19.9000   -1.526650E-04  1.644554E-04  7.420839E+01
    19.9500   -1.351775E-04  1.636975E-04  7.442665E+01
    20.0000   -1.114614E-04  1.629396E-04  7.464490E+01
