                                                          Feff 6.01l  potph 4.12
 Abs   Z=29 Rmt= 1.156 Rnm= 1.710 K shell
 Pot 1 Z= 8 Rmt= 0.944 Rnm= 1.397
 Gam_ch=1.761E+00 H-L exch
 Mu=-2.905E+00 kf=1.522E+00 Vint=-1.173E+01 Rs_int= 2.384
 Path    1      icalc       2                             Feff 6.01l genfmt 1.44
 -------------------------------------------------------------------------------
   2   1.000   2.1000    2.9654   -2.90550 nleg, deg, reff, rnrmav(bohr), edge
        x         y         z   pot at#
     0.0000    0.0000    0.0000  0  29 Cu       absorbing atom
     2.1000    0.0000    0.0000  1   8 O     
    k   real[2*phc]   mag[feff]  phase[feff] red factor   lambda      real[p]@#
  0.000  3.6227E+00  0.0000E+00 -4.6351E+00  0.9577E+00  1.3182E+01  1.5234E+00
  0.200  3.6298E+00  1.5860E-01 -5.4396E+00  0.9584E+00  1.3288E+01  1.5360E+00
  0.400  3.6503E+00  3.0264E-01 -6.1741E+00  0.9607E+00  1.3566E+01  1.5734E+00
  0.600  3.6817E+00  4.2318E-01 -6.8408E+00  0.9649E+00  1.3899E+01  1.6338E+00
  0.800  3.7198E+00  5.1843E-01 -7.4419E+00  0.9715E+00  1.4125E+01  1.7154E+00
  1.000  3.7580E+00  5.9146E-01 -7.9784E+00  0.9813E+00  1.4102E+01  1.8163E+00
  1.200  3.7878E+00  6.4689E-01 -8.4497E+00  0.9949E+00  1.3775E+01  1.9351E+00
  1.400  3.7989E+00  6.8862E-01 -8.8535E+00  0.1012E+01  1.3221E+01  2.0710E+00
  1.600  3.7808E+00  7.1883E-01 -9.1864E+00  0.1031E+01  1.2622E+01  2.2240E+00
  1.800  3.7240E+00  7.3764E-01 -9.4444E+00  0.1048E+01  1.2210E+01  2.3946E+00
  2.000  3.5216E+00  7.6325E-01 -9.5198E+00  0.1142E+01  8.8156E+00  2.6263E+00
  2.200  3.5709E+00  8.4413E-01 -9.8755E+00  0.1292E+01  6.2178E+00  2.7506E+00
  2.400  3.6097E+00  8.9676E-01 -1.0169E+01  0.1356E+01  5.4548E+00  2.8844E+00
  2.600  3.6117E+00  9.3187E-01 -1.0395E+01  0.1372E+01  5.1760E+00  3.0269E+00
  2.800  3.5698E+00  9.3941E-01 -1.0583E+01  0.1358E+01  5.1071E+00  3.1772E+00
  3.000  3.5040E+00  9.3015E-01 -1.0728E+01  0.1333E+01  5.1535E+00  3.3345E+00
  3.200  3.4195E+00  8.9933E-01 -1.0855E+01  0.1303E+01  5.2732E+00  3.4978E+00
  3.400  3.3231E+00  8.5673E-01 -1.0968E+01  0.1271E+01  5.4443E+00  3.6661E+00
  3.600  3.2156E+00  8.0526E-01 -1.1063E+01  0.1240E+01  5.6540E+00  3.8388E+00
  3.800  3.1048E+00  7.4897E-01 -1.1163E+01  0.1211E+01  5.8941E+00  4.0152E+00
  4.000  2.9883E+00  6.9163E-01 -1.1263E+01  0.1184E+01  6.1593E+00  4.1947E+00
  4.200  2.8744E+00  6.3477E-01 -1.1360E+01  0.1158E+01  6.4460E+00  4.3769E+00
  4.400  2.7520E+00  5.8302E-01 -1.1466E+01  0.1134E+01  6.7512E+00  4.5613E+00
  4.600  2.6381E+00  5.3457E-01 -1.1571E+01  0.1112E+01  7.0729E+00  4.7475E+00
  4.800  2.5295E+00  4.9109E-01 -1.1677E+01  0.1091E+01  7.4097E+00  4.9354E+00
  5.000  2.4215E+00  4.5254E-01 -1.1783E+01  0.1073E+01  7.7601E+00  5.1247E+00
  5.200  2.3128E+00  4.1774E-01 -1.1886E+01  0.1056E+01  8.1232E+00  5.3152E+00
  5.400  2.2119E+00  3.8583E-01 -1.1983E+01  0.1041E+01  8.4981E+00  5.5067E+00
  5.600  2.1129E+00  3.5601E-01 -1.2077E+01  0.1027E+01  8.8842E+00  5.6991E+00
  5.800  2.0131E+00  3.2805E-01 -1.2166E+01  0.1015E+01  9.2809E+00  5.8923E+00
  6.000  1.9172E+00  3.0171E-01 -1.2249E+01  0.1004E+01  9.6877E+00  6.0862E+00
  6.500  1.6783E+00  2.4374E-01 -1.2432E+01  0.9833E+00  1.0746E+01  6.5732E+00
  7.000  1.4416E+00  1.9862E-01 -1.2595E+01  0.9687E+00  1.1860E+01  7.0630E+00
  7.500  1.2086E+00  1.6713E-01 -1.2759E+01  0.9581E+00  1.3024E+01  7.5548E+00
  8.000  9.8619E-01  1.4725E-01 -1.2925E+01  0.9489E+00  1.4236E+01  8.0481E+00
  8.500  7.8008E-01  1.3349E-01 -1.3088E+01  0.9404E+00  1.5494E+01  8.5426E+00
  9.000  5.9019E-01  1.2080E-01 -1.3238E+01  0.9325E+00  1.6794E+01  9.0380E+00
  9.500  4.1505E-01  1.0673E-01 -1.3378E+01  0.9251E+00  1.8135E+01  9.5341E+00
 10.000  2.4015E-01  9.2019E-02 -1.3510E+01  0.9181E+00  1.9516E+01  1.0031E+01
 11.000 -1.0252E-01  7.0433E-02 -1.3753E+01  0.9067E+00  2.2390E+01  1.1025E+01
 12.000 -4.1803E-01  6.1462E-02 -1.3948E+01  0.8982E+00  2.5406E+01  1.2021E+01
 13.000 -7.0025E-01  5.2220E-02 -1.4144E+01  0.8929E+00  2.8555E+01  1.3018E+01
 14.000 -9.6724E-01  4.1549E-02 -1.4369E+01  0.8916E+00  3.1829E+01  1.4016E+01
 15.000 -1.2149E+00  3.6264E-02 -1.4518E+01  0.8909E+00  3.5222E+01  1.5014E+01
 16.000 -1.4377E+00  3.3066E-02 -1.4628E+01  0.8903E+00  3.8728E+01  1.6012E+01
 17.000 -1.6501E+00  2.7817E-02 -1.4823E+01  0.8914E+00  4.2341E+01  1.7011E+01
 18.000 -1.8488E+00  2.4251E-02 -1.4979E+01  0.8923E+00  4.6058E+01  1.8010E+01
 19.000 -2.0285E+00  2.3264E-02 -1.5024E+01  0.8927E+00  4.9872E+01  1.9009E+01
 20.000 -2.2014E+00  2.1700E-02 -1.5209E+01  0.8938E+00  5.3781E+01  2.0008E+01
