                                                          Feff 6.01l  potph 4.12
 Abs   Z=29 Rmt= 1.105 Rnm= 1.649 K shell
 Pot 1 Z= 8 Rmt= 0.905 Rnm= 1.352
 Gam_ch=1.761E+00 H-L exch
 Mu=-2.781E+00 kf=1.619E+00 Vint=-1.277E+01 Rs_int= 2.240
 S02  1.000                                               Feff 6.01l ff2chi 2.01
 Curved wave amplitude ratio filter   4.000%
    file           sig2  cw amp ratio   deg  nlegs  r effective
 feff0001.dat    0.00000    100.00      1.00     2   2.0100
    1/   1 paths used
 -------------------------------------------------------------------------------
      k          chi          mag           phase @#
     0.0000   -1.244696E-01  1.381973E-01 -1.121300E+00
     0.0500   -1.228812E-01  1.370494E-01 -1.112075E+00
     0.1000   -1.212916E-01  1.359015E-01 -1.102850E+00
     0.1500   -1.197014E-01  1.347537E-01 -1.093625E+00
     0.2000   -1.181106E-01  1.336058E-01 -1.084400E+00
     0.2500   -1.153573E-01  1.324580E-01 -1.057025E+00
     0.3000   -1.125483E-01  1.313101E-01 -1.029650E+00
     0.3500   -1.096875E-01  1.301622E-01 -1.002275E+00
     0.4000   -1.067782E-01  1.290144E-01 -9.749000E-01
     0.4500   -1.020682E-01  1.273131E-01 -9.301500E-01
     0.5000   -9.724474E-02  1.256119E-01 -8.854000E-01
     0.5500   -9.232295E-02  1.239106E-01 -8.406500E-01
     0.6000   -8.731783E-02  1.222094E-01 -7.959000E-01
     0.6500   -8.058872E-02  1.201797E-01 -7.349750E-01
     0.7000   -7.374393E-02  1.181500E-01 -6.740500E-01
     0.7500   -6.681861E-02  1.161202E-01 -6.131250E-01
     0.8000   -5.984749E-02  1.140905E-01 -5.522000E-01
     0.8500   -5.133741E-02  1.119425E-01 -4.764250E-01
     0.9000   -4.282169E-02  1.097944E-01 -4.006500E-01
     0.9500   -3.435969E-02  1.076464E-01 -3.248750E-01
     1.0000   -2.600871E-02  1.054984E-01 -2.491000E-01
     1.0500   -1.645140E-02  1.033734E-01 -1.598250E-01
     1.1000   -7.137149E-03  1.012484E-01 -7.054997E-02
     1.1500    1.855981E-03  9.912345E-02  1.872503E-02
     1.2000    1.045549E-02  9.699847E-02  1.080000E-01
     1.2500    1.973229E-02  9.499175E-02  2.092500E-01
     1.3000    2.841016E-02  9.298502E-02  3.105000E-01
     1.3500    3.641076E-02  9.097830E-02  4.117500E-01
     1.4000    4.366666E-02  8.897158E-02  5.130000E-01
     1.4500    5.095391E-02  8.710735E-02  6.248250E-01
     1.5000    5.726720E-02  8.524312E-02  7.366500E-01
     1.5500    6.255694E-02  8.337889E-02  8.484751E-01
     1.6000    6.679015E-02  8.151466E-02  9.603001E-01
     1.6500    7.045026E-02  7.981657E-02  1.081475E+00
     1.7000    7.288423E-02  7.811847E-02  1.202650E+00
     1.7500    7.410158E-02  7.642038E-02  1.323825E+00
     1.8000    7.413184E-02  7.472229E-02  1.445000E+00
     1.8500    7.312735E-02  7.312784E-02  1.574450E+00
     1.9000    7.090066E-02  7.153339E-02  1.703900E+00
     1.9500    6.754215E-02  6.993893E-02  1.833350E+00
     2.0000    6.316024E-02  6.834448E-02  1.962800E+00
     2.0500    5.761645E-02  6.650020E-02  2.093625E+00
     2.1000    5.132822E-02  6.465592E-02  2.224450E+00
     2.1500    4.445535E-02  6.281163E-02  2.355275E+00
     2.2000    3.716264E-02  6.096735E-02  2.486100E+00
     2.2500    2.980025E-02  5.994410E-02  2.621300E+00
     2.3000    2.213332E-02  5.892086E-02  2.756500E+00
     2.3500    1.431807E-02  5.789761E-02  2.891700E+00
     2.4000    6.508775E-03  5.687437E-02  3.026900E+00
     2.4500   -1.539754E-03  5.583078E-02  3.169175E+00
     2.5000   -9.261328E-03  5.478719E-02  3.311450E+00
     2.5500   -1.650405E-02  5.374359E-02  3.453725E+00
     2.6000   -2.313161E-02  5.270000E-02  3.596000E+00
     2.6500   -2.920525E-02  5.169454E-02  3.741975E+00
     2.7000   -3.441632E-02  5.068908E-02  3.887950E+00
     2.7500   -3.868057E-02  4.968362E-02  4.033925E+00
     2.8000   -4.193848E-02  4.867816E-02  4.179900E+00
     2.8500   -4.418918E-02  4.761720E-02  4.330625E+00
     2.9000   -4.531919E-02  4.655624E-02  4.481350E+00
     2.9500   -4.534862E-02  4.549527E-02  4.632075E+00
     3.0000   -4.432421E-02  4.443431E-02  4.782800E+00
     3.0500   -4.234596E-02  4.338393E-02  4.931575E+00
     3.1000   -3.949985E-02  4.233354E-02  5.080350E+00
     3.1500   -3.589307E-02  4.128316E-02  5.229125E+00
     3.2000   -3.164715E-02  4.023277E-02  5.377900E+00
     3.2500   -2.684265E-02  3.921633E-02  5.529300E+00
     3.3000   -2.164757E-02  3.819989E-02  5.680700E+00
     3.3500   -1.620984E-02  3.718345E-02  5.832100E+00
     3.4000   -1.067720E-02  3.616702E-02  5.983500E+00
     3.4500   -5.146787E-03  3.519558E-02  6.136425E+00
     3.5000    2.109855E-04  3.422415E-02  6.289350E+00
     3.5500    5.267882E-03  3.325271E-02  6.442275E+00
     3.6000    9.909605E-03  3.228128E-02  6.595200E+00
     3.6500    1.398698E-02  3.138779E-02  6.745050E+00
     3.7000    1.751203E-02  3.049431E-02  6.894900E+00
     3.7500    2.042619E-02  2.960082E-02  7.044750E+00
     3.8000    2.268946E-02  2.870734E-02  7.194600E+00
     3.8500    2.434634E-02  2.788354E-02  7.344800E+00
     3.9000    2.533482E-02  2.705974E-02  7.495000E+00
     3.9500    2.566620E-02  2.623593E-02  7.645200E+00
     4.0000    2.536854E-02  2.541213E-02  7.795400E+00
     4.0500    2.457285E-02  2.467392E-02  7.944525E+00
     4.1000    2.325155E-02  2.393571E-02  8.093650E+00
     4.1500    2.146620E-02  2.319750E-02  8.242775E+00
     4.2000    1.928752E-02  2.245929E-02  8.391900E+00
     4.2500    1.690628E-02  2.180855E-02  8.537725E+00
     4.3000    1.428563E-02  2.115781E-02  8.683550E+00
     4.3500    1.150123E-02  2.050707E-02  8.829375E+00
     4.4000    8.629268E-03  1.985633E-02  8.975200E+00
     4.4500    5.721684E-03  1.928797E-02  9.123600E+00
     4.5000    2.848828E-03  1.871962E-02  9.272000E+00
     4.5500    7.946160E-05  1.815126E-02  9.420400E+00
     4.6000   -2.523584E-03  1.758291E-02  9.568801E+00
     4.6500   -4.899111E-03  1.710126E-02  9.715326E+00
     4.7000   -7.034898E-03  1.661962E-02  9.861851E+00
     4.7500   -8.892499E-03  1.613798E-02  1.000838E+01
     4.8000   -1.044216E-02  1.565633E-02  1.015490E+01
     4.8500   -1.172283E-02  1.523353E-02  1.030290E+01
     4.9000   -1.266756E-02  1.481073E-02  1.045090E+01
     4.9500   -1.327072E-02  1.438792E-02  1.059890E+01
     5.0000   -1.353555E-02  1.396512E-02  1.074690E+01
     5.0500   -1.353461E-02  1.360515E-02  1.089370E+01
     5.1000   -1.323181E-02  1.324518E-02  1.104050E+01
     5.1500   -1.264911E-02  1.288521E-02  1.118730E+01
     5.2000   -1.181437E-02  1.252523E-02  1.133410E+01
     5.2500   -1.079200E-02  1.222016E-02  1.148388E+01
     5.3000   -9.570714E-03  1.191509E-02  1.163365E+01
     5.3500   -8.189359E-03  1.161001E-02  1.178343E+01
     5.4000   -6.689174E-03  1.130494E-02  1.193320E+01
     5.4500   -5.110129E-03  1.102026E-02  1.208420E+01
     5.5000   -3.490673E-03  1.073558E-02  1.223520E+01
     5.5500   -1.872771E-03  1.045090E-02  1.238620E+01
     5.6000   -2.965101E-04  1.016621E-02  1.253720E+01
     5.6500    1.219260E-03  9.915290E-03  1.268965E+01
     5.7000    2.631115E-03  9.664367E-03  1.284210E+01
     5.7500    3.908607E-03  9.413443E-03  1.299455E+01
     5.8000    5.026105E-03  9.162520E-03  1.314700E+01
     5.8500    5.993763E-03  8.933836E-03  1.330180E+01
     5.9000    6.765786E-03  8.705152E-03  1.345660E+01
     5.9500    7.331632E-03  8.476468E-03  1.361140E+01
     6.0000    7.686748E-03  8.247784E-03  1.376620E+01
     6.0500    7.875862E-03  8.057278E-03  1.392456E+01
     6.1000    7.855199E-03  7.866771E-03  1.408292E+01
     6.1500    7.634699E-03  7.676265E-03  1.424128E+01
     6.2000    7.229380E-03  7.485758E-03  1.439964E+01
     6.2500    6.658732E-03  7.295252E-03  1.455800E+01
     6.3000    5.945993E-03  7.104745E-03  1.471636E+01
     6.3500    5.117339E-03  6.914239E-03  1.487472E+01
     6.4000    4.201028E-03  6.723732E-03  1.503308E+01
     6.4500    3.226497E-03  6.533226E-03  1.519144E+01
     6.5000    2.223468E-03  6.342719E-03  1.534980E+01
     6.5500    1.210351E-03  6.196159E-03  1.551136E+01
     6.6000    2.119524E-04  6.049599E-03  1.567292E+01
     6.6500   -7.448442E-04  5.903039E-03  1.583448E+01
     6.7000   -1.635468E-03  5.756478E-03  1.599604E+01
     6.7500   -2.438287E-03  5.609918E-03  1.615760E+01
     6.8000   -3.135138E-03  5.463358E-03  1.631916E+01
     6.8500   -3.711720E-03  5.316798E-03  1.648072E+01
     6.9000   -4.157871E-03  5.170237E-03  1.664228E+01
     6.9500   -4.467705E-03  5.023677E-03  1.680384E+01
     7.0000   -4.639618E-03  4.877117E-03  1.696540E+01
     7.0500   -4.718619E-03  4.772747E-03  1.712801E+01
     7.1000   -4.668049E-03  4.668377E-03  1.729062E+01
     7.1500   -4.494719E-03  4.564007E-03  1.745323E+01
     7.2000   -4.208667E-03  4.459637E-03  1.761584E+01
     7.2500   -3.822752E-03  4.355267E-03  1.777845E+01
     7.3000   -3.352170E-03  4.250897E-03  1.794106E+01
     7.3500   -2.813927E-03  4.146527E-03  1.810367E+01
     7.4000   -2.226262E-03  4.042157E-03  1.826628E+01
     7.4500   -1.608067E-03  3.937787E-03  1.842889E+01
     7.5000   -9.782919E-04  3.833417E-03  1.859150E+01
     7.5500   -3.563840E-04  3.765335E-03  1.875477E+01
     7.6000    2.529696E-04  3.697253E-03  1.891803E+01
     7.6500    8.335148E-04  3.629172E-03  1.908130E+01
     7.7000    1.370351E-03  3.561090E-03  1.924456E+01
     7.7500    1.850313E-03  3.493008E-03  1.940783E+01
     7.8000    2.262292E-03  3.424926E-03  1.957109E+01
     7.8500    2.597485E-03  3.356844E-03  1.973436E+01
     7.9000    2.849576E-03  3.288762E-03  1.989762E+01
     7.9500    3.014828E-03  3.220680E-03  2.006089E+01
     8.0000    3.092112E-03  3.152598E-03  2.022415E+01
     8.0500    3.106517E-03  3.108118E-03  2.038825E+01
     8.1000    3.036985E-03  3.063638E-03  2.055235E+01
     8.1500    2.887765E-03  3.019157E-03  2.071646E+01
     8.2000    2.665195E-03  2.974677E-03  2.088056E+01
     8.2500    2.377467E-03  2.930197E-03  2.104466E+01
     8.3000    2.034355E-03  2.885717E-03  2.120876E+01
     8.3500    1.646888E-03  2.841237E-03  2.137286E+01
     8.4000    1.227014E-03  2.796757E-03  2.153697E+01
     8.4500    7.872310E-04  2.752277E-03  2.170107E+01
     8.5000    3.402216E-04  2.707796E-03  2.186517E+01
     8.5500   -1.084845E-04  2.674818E-03  2.203172E+01
     8.6000   -5.432633E-04  2.641840E-03  2.219827E+01
     8.6500   -9.523073E-04  2.608861E-03  2.236481E+01
     8.7000   -1.324818E-03  2.575883E-03  2.253136E+01
     8.7500   -1.651288E-03  2.542904E-03  2.269791E+01
     8.8000   -1.923746E-03  2.509926E-03  2.286445E+01
     8.8500   -2.135943E-03  2.476948E-03  2.303100E+01
     8.9000   -2.283494E-03  2.443969E-03  2.319755E+01
     8.9500   -2.363955E-03  2.410991E-03  2.336409E+01
     9.0000   -2.376847E-03  2.378013E-03  2.353064E+01
     9.0500   -2.324672E-03  2.346991E-03  2.369996E+01
     9.1000   -2.207447E-03  2.315969E-03  2.386929E+01
     9.1500   -2.030248E-03  2.284947E-03  2.403861E+01
     9.2000   -1.799777E-03  2.253925E-03  2.420793E+01
     9.2500   -1.524125E-03  2.222903E-03  2.437725E+01
     9.3000   -1.212491E-03  2.191882E-03  2.454657E+01
     9.3500   -8.748872E-04  2.160860E-03  2.471590E+01
     9.4000   -5.218207E-04  2.129838E-03  2.488522E+01
     9.4500   -1.639659E-04  2.098816E-03  2.505454E+01
     9.5000    1.881552E-04  2.067794E-03  2.522386E+01
     9.5500    5.266593E-04  2.035851E-03  2.539441E+01
     9.6000    8.394077E-04  2.003909E-03  2.556496E+01
     9.6500    1.117954E-03  1.971966E-03  2.573551E+01
     9.7000    1.355129E-03  1.940023E-03  2.590606E+01
     9.7500    1.545223E-03  1.908081E-03  2.607661E+01
     9.8000    1.684120E-03  1.876138E-03  2.624716E+01
     9.8500    1.769370E-03  1.844195E-03  2.641770E+01
     9.9000    1.800223E-03  1.812253E-03  2.658825E+01
     9.9500    1.777592E-03  1.780310E-03  2.675880E+01
    10.0000    1.703980E-03  1.748367E-03  2.692935E+01
    10.0500    1.586849E-03  1.720986E-03  2.710097E+01
    10.1000    1.426716E-03  1.693605E-03  2.727259E+01
    10.1500    1.229703E-03  1.666224E-03  2.744421E+01
    10.2000    1.002871E-03  1.638843E-03  2.761583E+01
    10.2500    7.539715E-04  1.611462E-03  2.778744E+01
    10.3000    4.911847E-04  1.584081E-03  2.795906E+01
    10.3500    2.228577E-04  1.556700E-03  2.813068E+01
    10.4000   -4.276131E-05  1.529320E-03  2.830230E+01
    10.4500   -2.977755E-04  1.501939E-03  2.847392E+01
    10.5000   -5.348744E-04  1.474558E-03  2.864554E+01
    10.5500   -7.475432E-04  1.447177E-03  2.881715E+01
    10.6000   -9.302408E-04  1.419796E-03  2.898877E+01
    10.6500   -1.078542E-03  1.392415E-03  2.916039E+01
    10.7000   -1.189240E-03  1.365034E-03  2.933201E+01
    10.7500   -1.260407E-03  1.337653E-03  2.950363E+01
    10.8000   -1.291410E-03  1.310272E-03  2.967525E+01
    10.8500   -1.282889E-03  1.282891E-03  2.984687E+01
    10.9000   -1.236692E-03  1.255510E-03  3.001848E+01
    10.9500   -1.155774E-03  1.228129E-03  3.019010E+01
    11.0000   -1.044060E-03  1.200748E-03  3.036172E+01
    11.0500   -9.145822E-04  1.186976E-03  3.053628E+01
    11.1000   -7.603559E-04  1.173205E-03  3.071084E+01
    11.1500   -5.866627E-04  1.159433E-03  3.088540E+01
    11.2000   -3.992648E-04  1.145662E-03  3.105996E+01
    11.2500   -2.042156E-04  1.131890E-03  3.123451E+01
    11.3000   -7.664583E-06  1.118118E-03  3.140907E+01
    11.3500    1.843360E-04  1.104347E-03  3.158363E+01
    11.4000    3.660175E-04  1.090575E-03  3.175819E+01
    11.4500    5.320685E-04  1.076803E-03  3.193275E+01
    11.5000    6.777893E-04  1.063032E-03  3.210731E+01
    11.5500    7.992247E-04  1.049260E-03  3.228186E+01
    11.6000    8.932697E-04  1.035489E-03  3.245642E+01
    11.6500    9.577456E-04  1.021717E-03  3.263098E+01
    11.7000    9.914464E-04  1.007945E-03  3.280554E+01
    11.7500    9.941519E-04  9.941737E-04  3.298010E+01
    11.8000    9.666100E-04  9.804021E-04  3.315466E+01
    11.8500    9.104891E-04  9.666305E-04  3.332922E+01
    11.9000    8.283019E-04  9.528588E-04  3.350377E+01
    11.9500    7.233044E-04  9.390872E-04  3.367833E+01
    12.0000    5.993740E-04  9.253156E-04  3.385289E+01
    12.0500    4.608466E-04  9.176404E-04  3.403137E+01
    12.1000    3.100347E-04  9.099651E-04  3.420985E+01
    12.1500    1.519352E-04  9.022899E-04  3.438833E+01
    12.2000   -8.305000E-06  8.946147E-04  3.456680E+01
    12.2500   -1.655563E-04  8.869394E-04  3.474528E+01
    12.3000   -3.148705E-04  8.792642E-04  3.492376E+01
    12.3500   -4.516369E-04  8.715890E-04  3.510224E+01
    12.4000   -5.717240E-04  8.639137E-04  3.528072E+01
    12.4500   -6.716044E-04  8.562385E-04  3.545919E+01
    12.5000   -7.484576E-04  8.485632E-04  3.563767E+01
    12.5500   -8.002482E-04  8.408880E-04  3.581615E+01
    12.6000   -8.257780E-04  8.332128E-04  3.599463E+01
    12.6500   -8.247096E-04  8.255375E-04  3.617311E+01
    12.7000   -7.975624E-04  8.178623E-04  3.635158E+01
    12.7500   -7.456800E-04  8.101871E-04  3.653006E+01
    12.8000   -6.711730E-04  8.025118E-04  3.670854E+01
    12.8500   -5.768369E-04  7.948366E-04  3.688702E+01
    12.9000   -4.660496E-04  7.871614E-04  3.706550E+01
    12.9500   -3.426522E-04  7.794861E-04  3.724397E+01
    13.0000   -2.108165E-04  7.718109E-04  3.742245E+01
    13.0500   -7.548147E-05  7.630011E-04  3.760002E+01
    13.1000    5.913034E-05  7.541913E-04  3.777760E+01
    13.1500    1.887798E-04  7.453815E-04  3.795517E+01
    13.2000    3.094815E-04  7.365717E-04  3.813274E+01
    13.2500    4.176260E-04  7.277620E-04  3.831031E+01
    13.3000    5.100877E-04  7.189522E-04  3.848788E+01
    13.3500    5.843143E-04  7.101424E-04  3.866546E+01
    13.4000    6.383960E-04  7.013326E-04  3.884303E+01
    13.4500    6.711121E-04  6.925228E-04  3.902060E+01
    13.5000    6.819545E-04  6.837130E-04  3.919817E+01
    13.5500    6.711270E-04  6.749032E-04  3.937574E+01
    13.6000    6.395220E-04  6.660935E-04  3.955332E+01
    13.6500    5.886749E-04  6.572837E-04  3.973089E+01
    13.7000    5.206989E-04  6.484739E-04  3.990846E+01
    13.7500    4.382026E-04  6.396641E-04  4.008603E+01
    13.8000    3.441925E-04  6.308543E-04  4.026360E+01
    13.8500    2.419661E-04  6.220445E-04  4.044118E+01
    13.9000    1.349974E-04  6.132347E-04  4.061875E+01
    13.9500    2.681905E-05  6.044250E-04  4.079632E+01
    14.0000   -7.909343E-05  5.956152E-04  4.097389E+01
    14.0500   -1.802759E-04  5.888472E-04  4.115185E+01
    14.1000   -2.734829E-04  5.820792E-04  4.132981E+01
    14.1500   -3.559364E-04  5.753112E-04  4.150777E+01
    14.2000   -4.252646E-04  5.685432E-04  4.168573E+01
    14.2500   -4.795698E-04  5.617752E-04  4.186369E+01
    14.3000   -5.174791E-04  5.550072E-04  4.204165E+01
    14.3500   -5.381769E-04  5.482392E-04  4.221962E+01
    14.4000   -5.414187E-04  5.414712E-04  4.239758E+01
    14.4500   -5.275256E-04  5.347032E-04  4.257554E+01
    14.5000   -4.973612E-04  5.279352E-04  4.275350E+01
    14.5500   -4.522905E-04  5.211672E-04  4.293146E+01
    14.6000   -3.941240E-04  5.143993E-04  4.310942E+01
    14.6500   -3.250484E-04  5.076313E-04  4.328738E+01
    14.7000   -2.475462E-04  5.008633E-04  4.346534E+01
    14.7500   -1.643080E-04  4.940953E-04  4.364330E+01
    14.8000   -7.813963E-05  4.873273E-04  4.382126E+01
    14.8500    8.131702E-06  4.805593E-04  4.399922E+01
    14.9000    9.175034E-05  4.737913E-04  4.417718E+01
    14.9500    1.701201E-04  4.670233E-04  4.435514E+01
    15.0000    2.408848E-04  4.602553E-04  4.453310E+01
    15.0500    3.066070E-04  4.570329E-04  4.471767E+01
    15.1000    3.610368E-04  4.538104E-04  4.490224E+01
    15.1500    4.024858E-04  4.505880E-04  4.508681E+01
    15.2000    4.297307E-04  4.473655E-04  4.527138E+01
    15.2500    4.420491E-04  4.441431E-04  4.545595E+01
    15.3000    4.392366E-04  4.409206E-04  4.564052E+01
    15.3500    4.216068E-04  4.376982E-04  4.582509E+01
    15.4000    3.899729E-04  4.344758E-04  4.600966E+01
    15.4500    3.456133E-04  4.312533E-04  4.619423E+01
    15.5000    2.902209E-04  4.280309E-04  4.637880E+01
    15.5500    2.258391E-04  4.248084E-04  4.656337E+01
    15.6000    1.547876E-04  4.215860E-04  4.674794E+01
    15.6500    7.957812E-05  4.183635E-04  4.693251E+01
    15.7000    2.826649E-06  4.151411E-04  4.711708E+01
    15.7500   -7.283808E-05  4.119187E-04  4.730165E+01
    15.8000   -1.448644E-04  4.086962E-04  4.748622E+01
    15.8500   -2.108637E-04  4.054738E-04  4.767079E+01
    15.9000   -2.686899E-04  4.022513E-04  4.785536E+01
    15.9500   -3.165085E-04  3.990289E-04  4.803993E+01
    16.0000   -3.528553E-04  3.958064E-04  4.822450E+01
    16.0500   -3.770489E-04  3.929219E-04  4.840948E+01
    16.1000   -3.880797E-04  3.900374E-04  4.859445E+01
    16.1500   -3.857637E-04  3.871529E-04  4.877943E+01
    16.2000   -3.703759E-04  3.842684E-04  4.896440E+01
    16.2500   -3.426342E-04  3.813838E-04  4.914938E+01
    16.3000   -3.036684E-04  3.784993E-04  4.933435E+01
    16.3500   -2.549754E-04  3.756148E-04  4.951933E+01
    16.4000   -1.983622E-04  3.727303E-04  4.970430E+01
    16.4500   -1.358795E-04  3.698457E-04  4.988928E+01
    16.5000   -6.974764E-05  3.669612E-04  5.007425E+01
    16.5500   -2.277847E-06  3.640767E-04  5.025923E+01
    16.6000    6.420862E-05  3.611922E-04  5.044420E+01
    16.6500    1.274603E-04  3.583077E-04  5.062918E+01
    16.7000    1.853715E-04  3.554231E-04  5.081415E+01
    16.7500    2.360529E-04  3.525386E-04  5.099913E+01
    16.8000    2.778925E-04  3.496541E-04  5.118410E+01
    16.8500    3.096068E-04  3.467696E-04  5.136908E+01
    16.9000    3.302801E-04  3.438851E-04  5.155405E+01
    16.9500    3.393892E-04  3.410005E-04  5.173903E+01
    17.0000    3.368159E-04  3.381160E-04  5.192400E+01
    17.0500    3.228171E-04  3.347888E-04  5.210451E+01
    17.1000    2.986448E-04  3.314616E-04  5.228502E+01
    17.1500    2.652861E-04  3.281344E-04  5.246553E+01
    17.2000    2.240100E-04  3.248072E-04  5.264604E+01
    17.2500    1.763197E-04  3.214800E-04  5.282655E+01
    17.3000    1.238987E-04  3.181529E-04  5.300706E+01
    17.3500    6.855194E-05  3.148257E-04  5.318757E+01
    17.4000    1.214355E-05  3.114985E-04  5.336808E+01
    17.4500   -4.346569E-05  3.081713E-04  5.354859E+01
    17.5000   -9.647977E-05  3.048441E-04  5.372910E+01
    17.5500   -1.452254E-04  3.015169E-04  5.390961E+01
    17.6000   -1.882050E-04  2.981897E-04  5.409012E+01
    17.6500   -2.241420E-04  2.948625E-04  5.427063E+01
    17.7000   -2.520193E-04  2.915353E-04  5.445114E+01
    17.7500   -2.711064E-04  2.882081E-04  5.463165E+01
    17.8000   -2.809785E-04  2.848809E-04  5.481216E+01
    17.8500   -2.815229E-04  2.815537E-04  5.499267E+01
    17.9000   -2.729368E-04  2.782266E-04  5.517318E+01
    17.9500   -2.557133E-04  2.748994E-04  5.535369E+01
    18.0000   -2.306188E-04  2.715722E-04  5.553420E+01
    18.0500   -1.987272E-04  2.696408E-04  5.572004E+01
    18.1000   -1.604748E-04  2.677094E-04  5.590587E+01
    18.1500   -1.172676E-04  2.657780E-04  5.609171E+01
    18.2000   -7.066268E-05  2.638467E-04  5.627754E+01
    18.2500   -2.231214E-05  2.619153E-04  5.646338E+01
    18.3000    2.609561E-05  2.599839E-04  5.664921E+01
    18.3500    7.289464E-05  2.580525E-04  5.683505E+01
    18.4000    1.164989E-04  2.561212E-04  5.702088E+01
    18.4500    1.554558E-04  2.541898E-04  5.720672E+01
    18.5000    1.884949E-04  2.522584E-04  5.739255E+01
    18.5500    2.145688E-04  2.503270E-04  5.757839E+01
    18.6000    2.328863E-04  2.483957E-04  5.776422E+01
    18.6500    2.429361E-04  2.464643E-04  5.795006E+01
    18.7000    2.444999E-04  2.445329E-04  5.813589E+01
    18.7500    2.376560E-04  2.426015E-04  5.832173E+01
    18.8000    2.227717E-04  2.406702E-04  5.850756E+01
    18.8500    2.004863E-04  2.387388E-04  5.869340E+01
    18.9000    1.716845E-04  2.368074E-04  5.887923E+01
    18.9500    1.374623E-04  2.348760E-04  5.906507E+01
    19.0000    9.908528E-05  2.329447E-04  5.925090E+01
    19.0500    5.695230E-05  2.320409E-04  5.944229E+01
    19.1000    1.307292E-05  2.311372E-04  5.963367E+01
    19.1500   -3.094058E-05  2.302335E-04  5.982506E+01
    19.2000   -7.348355E-05  2.293298E-04  6.001644E+01
    19.2500   -1.130175E-04  2.284260E-04  6.020783E+01
    19.3000   -1.481256E-04  2.275223E-04  6.039921E+01
    19.3500   -1.775637E-04  2.266186E-04  6.059060E+01
    19.4000   -2.003042E-04  2.257149E-04  6.078198E+01
    19.4500   -2.155718E-04  2.248112E-04  6.097337E+01
    19.5000   -2.228699E-04  2.239074E-04  6.116475E+01
    19.5500   -2.219965E-04  2.230037E-04  6.135614E+01
    19.6000   -2.130492E-04  2.221000E-04  6.154752E+01
    19.6500   -1.964192E-04  2.211963E-04  6.173891E+01
    19.7000   -1.727748E-04  2.202925E-04  6.193029E+01
    19.7500   -1.430345E-04  2.193888E-04  6.212168E+01
    19.8000   -1.083318E-04  2.184851E-04  6.231306E+01
    19.8500   -6.997173E-05  2.175814E-04  6.250445E+01
    19.9000   -2.938211E-05  2.166777E-04  6.269583E+01
    19.9500    1.193981E-05  2.157739E-04  6.288722E+01
    20.0000    5.248244E-05  2.148702E-04  6.307860E+01
