                                                          Feff 6.01l  potph 4.12
 Abs   Z=29 Rmt= 1.112 Rnm= 1.658 K shell
 Pot 1 Z= 8 Rmt= 0.911 Rnm= 1.358
 Gam_ch=1.761E+00 H-L exch
 Mu=-2.800E+00 kf=1.605E+00 Vint=-1.262E+01 Rs_int= 2.259
 S02  1.000                                               Feff 6.01l ff2chi 2.01
 Curved wave amplitude ratio filter   4.000%
    file           sig2  cw amp ratio   deg  nlegs  r effective
 feff0001.dat    0.00000    100.00      1.00     2   2.0224
    1/   1 paths used
 -------------------------------------------------------------------------------
      k          chi          mag           phase @#
     0.0000   -1.230369E-01  1.372485E-01 -1.111700E+00
     0.0500   -1.214301E-01  1.360938E-01 -1.102310E+00
     0.1000   -1.198223E-01  1.349391E-01 -1.092920E+00
     0.1500   -1.182140E-01  1.337843E-01 -1.083530E+00
     0.2000   -1.166054E-01  1.326296E-01 -1.074140E+00
     0.2500   -1.137982E-01  1.314748E-01 -1.046250E+00
     0.3000   -1.109348E-01  1.303201E-01 -1.018360E+00
     0.3500   -1.080189E-01  1.291653E-01 -9.904700E-01
     0.4000   -1.050543E-01  1.280106E-01 -9.625800E-01
     0.4500   -1.002554E-01  1.262998E-01 -9.170150E-01
     0.5000   -9.534331E-02  1.245889E-01 -8.714500E-01
     0.5500   -9.033359E-02  1.228781E-01 -8.258850E-01
     0.6000   -8.524200E-02  1.211673E-01 -7.803200E-01
     0.6500   -7.841207E-02  1.191372E-01 -7.183800E-01
     0.7000   -7.147061E-02  1.171072E-01 -6.564400E-01
     0.7500   -6.445412E-02  1.150772E-01 -5.945000E-01
     0.8000   -5.739863E-02  1.130472E-01 -5.325600E-01
     0.8500   -4.878803E-02  1.108997E-01 -4.555200E-01
     0.9000   -4.018486E-02  1.087522E-01 -3.784800E-01
     0.9500   -3.165046E-02  1.066047E-01 -3.014400E-01
     1.0000   -2.324397E-02  1.044572E-01 -2.244000E-01
     1.0500   -1.364877E-02  1.023441E-01 -1.337600E-01
     1.1000   -4.320622E-03  1.002311E-01 -4.311997E-02
     1.1500    4.660817E-03  9.811803E-02  4.752003E-02
     1.2000    1.322189E-02  9.600496E-02  1.381600E-01
     1.2500    2.242767E-02  9.400609E-02  2.409000E-01
     1.3000    3.099875E-02  9.200721E-02  3.436400E-01
     1.3500    3.885688E-02  9.000833E-02  4.463800E-01
     1.4000    4.593538E-02  8.800945E-02  5.491200E-01
     1.4500    5.300495E-02  8.617321E-02  6.625100E-01
     1.5000    5.906613E-02  8.433696E-02  7.759001E-01
     1.5500    6.407209E-02  8.250072E-02  8.892901E-01
     1.6000    6.799337E-02  8.066447E-02  1.002680E+00
     1.6500    7.127273E-02  7.897893E-02  1.125370E+00
     1.7000    7.330282E-02  7.729339E-02  1.248060E+00
     1.7500    7.410003E-02  7.560785E-02  1.370750E+00
     1.8000    7.370125E-02  7.392231E-02  1.493440E+00
     1.8500    7.224306E-02  7.234719E-02  1.624455E+00
     1.9000    6.956867E-02  7.077206E-02  1.755470E+00
     1.9500    6.577742E-02  6.919694E-02  1.886485E+00
     2.0000    6.098649E-02  6.762182E-02  2.017500E+00
     2.0500    5.511818E-02  6.581552E-02  2.148965E+00
     2.1000    4.855743E-02  6.400923E-02  2.280430E+00
     2.1500    4.146722E-02  6.220293E-02  2.411895E+00
     2.2000    3.401435E-02  6.039663E-02  2.543360E+00
     2.2500    2.645348E-02  5.939604E-02  2.680000E+00
     2.3000    1.864355E-02  5.839544E-02  2.816640E+00
     2.3500    1.074440E-02  5.739484E-02  2.953280E+00
     2.4000    2.912738E-03  5.639424E-02  3.089920E+00
     2.4500   -5.084866E-03  5.535285E-02  3.233585E+00
     2.5000   -1.268077E-02  5.431147E-02  3.377250E+00
     2.5500   -1.972544E-02  5.327008E-02  3.520915E+00
     2.6000   -2.608669E-02  5.222870E-02  3.664580E+00
     2.6500   -3.181732E-02  5.123177E-02  3.811670E+00
     2.7000   -3.663177E-02  5.023483E-02  3.958760E+00
     2.7500   -4.045513E-02  4.923790E-02  4.105850E+00
     2.8000   -4.323824E-02  4.824097E-02  4.252940E+00
     2.8500   -4.496491E-02  4.717875E-02  4.404830E+00
     2.9000   -4.555890E-02  4.611654E-02  4.556720E+00
     2.9500   -4.505400E-02  4.505432E-02  4.708610E+00
     3.0000   -4.351047E-02  4.399211E-02  4.860500E+00
     3.0500   -4.105446E-02  4.294603E-02  5.010290E+00
     3.1000   -3.777067E-02  4.189996E-02  5.160080E+00
     3.1500   -3.377616E-02  4.085388E-02  5.309870E+00
     3.2000   -2.920087E-02  3.980781E-02  5.459660E+00
     3.2500   -2.412075E-02  3.880423E-02  5.612400E+00
     3.3000   -1.871823E-02  3.780065E-02  5.765140E+00
     3.3500   -1.314517E-02  3.679706E-02  5.917880E+00
     3.4000   -7.551280E-03  3.579348E-02  6.070620E+00
     3.4500   -2.033138E-03  3.481882E-02  6.224760E+00
     3.5000    3.234445E-03  3.384416E-02  6.378900E+00
     3.5500    8.127423E-03  3.286950E-02  6.533040E+00
     3.6000    1.253769E-02  3.189484E-02  6.687180E+00
     3.6500    1.633796E-02  3.101091E-02  6.838070E+00
     3.7000    1.954107E-02  3.012697E-02  6.988960E+00
     3.7500    2.209786E-02  2.924304E-02  7.139850E+00
     3.8000    2.397844E-02  2.835910E-02  7.290740E+00
     3.8500    2.524041E-02  2.754387E-02  7.442105E+00
     3.9000    2.582677E-02  2.672863E-02  7.593470E+00
     3.9500    2.575920E-02  2.591340E-02  7.744835E+00
     4.0000    2.507580E-02  2.509816E-02  7.896200E+00
     4.0500    2.391979E-02  2.436807E-02  8.046090E+00
     4.1000    2.226901E-02  2.363798E-02  8.195980E+00
     4.1500    2.019198E-02  2.290788E-02  8.345870E+00
     4.2000    1.776513E-02  2.217779E-02  8.495760E+00
     4.2500    1.516975E-02  2.153027E-02  8.642950E+00
     4.3000    1.238109E-02  2.088275E-02  8.790140E+00
     4.3500    9.477623E-03  2.023523E-02  8.937330E+00
     4.4000    6.537007E-03  1.958771E-02  9.084520E+00
     4.4500    3.608121E-03  1.902643E-02  9.233985E+00
     4.5000    7.629059E-04  1.846515E-02  9.383450E+00
     4.5500   -1.932304E-03  1.790387E-02  9.532916E+00
     4.6000   -4.418243E-03  1.734259E-02  9.682381E+00
     4.6500   -6.650422E-03  1.686694E-02  9.830071E+00
     4.7000   -8.609159E-03  1.639130E-02  9.977761E+00
     4.7500   -1.026133E-02  1.591566E-02  1.012545E+01
     4.8000   -1.158307E-02  1.544001E-02  1.027314E+01
     4.8500   -1.262320E-02  1.502258E-02  1.042258E+01
     4.9000   -1.331456E-02  1.460516E-02  1.057202E+01
     4.9500   -1.365804E-02  1.418773E-02  1.072146E+01
     5.0000   -1.366342E-02  1.377030E-02  1.087090E+01
     5.0500   -1.341133E-02  1.341488E-02  1.101857E+01
     5.1000   -1.286975E-02  1.305945E-02  1.116623E+01
     5.1500   -1.206581E-02  1.270403E-02  1.131390E+01
     5.2000   -1.103199E-02  1.234861E-02  1.146156E+01
     5.2500   -9.825767E-03  1.204575E-02  1.161243E+01
     5.3000   -8.448995E-03  1.174289E-02  1.176329E+01
     5.3500   -6.943510E-03  1.144003E-02  1.191416E+01
     5.4000   -5.352638E-03  1.113717E-02  1.206502E+01
     5.4500   -3.708362E-03  1.085835E-02  1.221784E+01
     5.5000   -2.057436E-03  1.057954E-02  1.237065E+01
     5.5500   -4.418204E-04  1.030072E-02  1.252347E+01
     5.6000    1.099287E-03  1.002190E-02  1.267628E+01
     5.6500    2.546120E-03  9.773624E-03  1.282992E+01
     5.7000    3.859602E-03  9.525349E-03  1.298356E+01
     5.7500    5.012685E-03  9.277074E-03  1.313720E+01
     5.8000    5.983732E-03  9.028799E-03  1.329084E+01
     5.8500    6.784633E-03  8.799603E-03  1.344681E+01
     5.9000    7.375488E-03  8.570407E-03  1.360277E+01
     5.9500    7.751031E-03  8.341212E-03  1.375874E+01
     6.0000    7.912105E-03  8.112016E-03  1.391470E+01
     6.0500    7.908335E-03  7.923968E-03  1.407434E+01
     6.1000    7.699695E-03  7.735920E-03  1.423398E+01
     6.1500    7.301024E-03  7.547872E-03  1.439362E+01
     6.2000    6.731847E-03  7.359824E-03  1.455326E+01
     6.2500    6.015637E-03  7.171776E-03  1.471290E+01
     6.3000    5.178995E-03  6.983728E-03  1.487254E+01
     6.3500    4.250755E-03  6.795680E-03  1.503218E+01
     6.4000    3.261060E-03  6.607632E-03  1.519182E+01
     6.4500    2.240430E-03  6.419584E-03  1.535146E+01
     6.5000    1.218850E-03  6.231536E-03  1.551110E+01
     6.5500    2.066909E-04  6.086947E-03  1.567400E+01
     6.6000   -7.640690E-04  5.942358E-03  1.583690E+01
     6.6500   -1.668088E-03  5.797769E-03  1.599980E+01
     6.7000   -2.483024E-03  5.653180E-03  1.616270E+01
     6.7500   -3.190082E-03  5.508591E-03  1.632560E+01
     6.8000   -3.774440E-03  5.364002E-03  1.648850E+01
     6.8500   -4.225535E-03  5.219413E-03  1.665140E+01
     6.9000   -4.537217E-03  5.074824E-03  1.681430E+01
     6.9500   -4.707756E-03  4.930235E-03  1.697720E+01
     7.0000   -4.739714E-03  4.785646E-03  1.714010E+01
     7.0500   -4.681736E-03  4.683211E-03  1.730386E+01
     7.1000   -4.499324E-03  4.580776E-03  1.746762E+01
     7.1500   -4.202793E-03  4.478342E-03  1.763138E+01
     7.2000   -3.805340E-03  4.375907E-03  1.779514E+01
     7.2500   -3.322557E-03  4.273472E-03  1.795890E+01
     7.3000   -2.771875E-03  4.171037E-03  1.812266E+01
     7.3500   -2.171983E-03  4.068602E-03  1.828642E+01
     7.4000   -1.542217E-03  3.966167E-03  1.845018E+01
     7.4500   -9.019558E-04  3.863733E-03  1.861394E+01
     7.5000   -2.700376E-04  3.761298E-03  1.877770E+01
     7.5500    3.416089E-04  3.694937E-03  1.894214E+01
     7.6000    9.224054E-04  3.628577E-03  1.910658E+01
     7.6500    1.457303E-03  3.562217E-03  1.927102E+01
     7.7000    1.933057E-03  3.495856E-03  1.943546E+01
     7.7500    2.338554E-03  3.429496E-03  1.959991E+01
     7.8000    2.665066E-03  3.363136E-03  1.976435E+01
     7.8500    2.906422E-03  3.296775E-03  1.992879E+01
     7.9000    3.059107E-03  3.230415E-03  2.009323E+01
     7.9500    3.122277E-03  3.164055E-03  2.025767E+01
     8.0000    3.097690E-03  3.097694E-03  2.042211E+01
     8.0500    3.011729E-03  3.054253E-03  2.058742E+01
     8.1000    2.846033E-03  3.010812E-03  2.075272E+01
     8.1500    2.607407E-03  2.967371E-03  2.091803E+01
     8.2000    2.304518E-03  2.923929E-03  2.108334E+01
     8.2500    1.947597E-03  2.880488E-03  2.124865E+01
     8.3000    1.548110E-03  2.837047E-03  2.141395E+01
     8.3500    1.118395E-03  2.793606E-03  2.157926E+01
     8.4000    6.712902E-04  2.750164E-03  2.174457E+01
     8.4500    2.197472E-04  2.706723E-03  2.190987E+01
     8.5000   -2.235372E-04  2.663282E-03  2.207518E+01
     8.5500   -6.557488E-04  2.630805E-03  2.224306E+01
     8.6000   -1.059011E-03  2.598328E-03  2.241095E+01
     8.6500   -1.422585E-03  2.565851E-03  2.257883E+01
     8.7000   -1.737125E-03  2.533374E-03  2.274671E+01
     8.7500   -1.994921E-03  2.500897E-03  2.291459E+01
     8.8000   -2.190077E-03  2.468420E-03  2.308247E+01
     8.8500   -2.318646E-03  2.435943E-03  2.325036E+01
     8.9000   -2.378691E-03  2.403466E-03  2.341824E+01
     8.9500   -2.370297E-03  2.370989E-03  2.358612E+01
     9.0000   -2.295516E-03  2.338512E-03  2.375400E+01
     9.0500   -2.157549E-03  2.307700E-03  2.392467E+01
     9.1000   -1.960606E-03  2.276887E-03  2.409533E+01
     9.1500   -1.712018E-03  2.246075E-03  2.426600E+01
     9.2000   -1.420460E-03  2.215262E-03  2.443666E+01
     9.2500   -1.095660E-03  2.184450E-03  2.460733E+01
     9.3000   -7.480802E-04  2.153637E-03  2.477799E+01
     9.3500   -3.885784E-04  2.122825E-03  2.494866E+01
     9.4000   -2.807553E-05  2.092012E-03  2.511932E+01
     9.4500    3.227778E-04  2.061200E-03  2.528999E+01
     9.5000    6.539154E-04  2.030387E-03  2.546065E+01
     9.5500    9.574434E-04  1.998545E-03  2.563234E+01
     9.6000    1.223269E-03  1.966702E-03  2.580402E+01
     9.6500    1.444606E-03  1.934860E-03  2.597571E+01
     9.7000    1.616228E-03  1.903017E-03  2.614740E+01
     9.7500    1.734583E-03  1.871174E-03  2.631908E+01
     9.8000    1.797854E-03  1.839332E-03  2.649077E+01
     9.8500    1.805964E-03  1.807489E-03  2.666245E+01
     9.9000    1.760525E-03  1.775647E-03  2.683414E+01
     9.9500    1.664737E-03  1.743804E-03  2.700583E+01
    10.0000    1.523238E-03  1.711962E-03  2.717751E+01
    10.0500    1.344730E-03  1.685018E-03  2.735028E+01
    10.1000    1.131765E-03  1.658075E-03  2.752305E+01
    10.1500    8.918719E-04  1.631132E-03  2.769582E+01
    10.2000    6.331790E-04  1.604188E-03  2.786859E+01
    10.2500    3.641448E-04  1.577245E-03  2.804136E+01
    10.3000    9.328162E-05  1.550302E-03  2.821413E+01
    10.3500   -1.711121E-04  1.523358E-03  2.838690E+01
    10.4000   -4.212059E-04  1.496415E-03  2.855967E+01
    10.4500   -6.498690E-04  1.469471E-03  2.873244E+01
    10.5000   -8.508736E-04  1.442528E-03  2.890521E+01
    10.5500   -1.019063E-03  1.415585E-03  2.907798E+01
    10.6000   -1.150479E-03  1.388641E-03  2.925075E+01
    10.6500   -1.242452E-03  1.361698E-03  2.942351E+01
    10.7000   -1.293640E-03  1.334755E-03  2.959628E+01
    10.7500   -1.304029E-03  1.307811E-03  2.976905E+01
    10.8000   -1.274885E-03  1.280868E-03  2.994182E+01
    10.8500   -1.208676E-03  1.253925E-03  3.011459E+01
    10.9000   -1.108944E-03  1.226981E-03  3.028736E+01
    10.9500   -9.801586E-04  1.200038E-03  3.046013E+01
    11.0000   -8.275331E-04  1.173095E-03  3.063290E+01
    11.0500   -6.616970E-04  1.159805E-03  3.080878E+01
    11.1000   -4.792639E-04  1.146516E-03  3.098467E+01
    11.1500   -2.862679E-04  1.133227E-03  3.116055E+01
    11.2000   -8.893900E-05  1.119938E-03  3.133643E+01
    11.2500    1.064982E-04  1.106648E-03  3.151231E+01
    11.3000    2.940204E-04  1.093359E-03  3.168819E+01
    11.3500    4.679913E-04  1.080070E-03  3.186408E+01
    11.4000    6.233310E-04  1.066781E-03  3.203996E+01
    11.4500    7.556639E-04  1.053491E-03  3.221584E+01
    11.5000    8.614405E-04  1.040202E-03  3.239172E+01
    11.5500    9.380308E-04  1.026913E-03  3.256760E+01
    11.6000    9.837857E-04  1.013624E-03  3.274349E+01
    11.6500    9.980660E-04  1.000334E-03  3.291937E+01
    11.7000    9.812382E-04  9.870451E-04  3.309525E+01
    11.7500    9.346381E-04  9.737559E-04  3.327113E+01
    11.8000    8.605049E-04  9.604666E-04  3.344701E+01
    11.8500    7.618868E-04  9.471774E-04  3.362290E+01
    11.9000    6.425239E-04  9.338881E-04  3.379878E+01
    11.9500    5.067109E-04  9.205988E-04  3.397466E+01
    12.0000    3.591462E-04  9.073096E-04  3.415054E+01
    12.0500    2.026108E-04  8.996975E-04  3.433037E+01
    12.1000    4.219376E-05  8.920855E-04  3.451020E+01
    12.1500   -1.168641E-04  8.844734E-04  3.469004E+01
    12.2000   -2.694537E-04  8.768614E-04  3.486987E+01
    12.2500   -4.107614E-04  8.692493E-04  3.504970E+01
    12.3000   -5.364214E-04  8.616372E-04  3.522953E+01
    12.3500   -6.426495E-04  8.540252E-04  3.540936E+01
    12.4000   -7.263573E-04  8.464131E-04  3.558919E+01
    12.4500   -7.852404E-04  8.388010E-04  3.576903E+01
    12.5000   -8.178403E-04  8.311890E-04  3.594886E+01
    12.5500   -8.235768E-04  8.235769E-04  3.612869E+01
    12.6000   -8.027522E-04  8.159648E-04  3.630852E+01
    12.6500   -7.565249E-04  8.083528E-04  3.648835E+01
    12.7000   -6.868573E-04  8.007407E-04  3.666818E+01
    12.7500   -5.964367E-04  7.931286E-04  3.684801E+01
    12.8000   -4.885746E-04  7.855166E-04  3.702785E+01
    12.8500   -3.670870E-04  7.779045E-04  3.720768E+01
    12.9000   -2.361608E-04  7.702924E-04  3.738751E+01
    12.9500   -1.002098E-04  7.626804E-04  3.756734E+01
    13.0000    3.627375E-05  7.550683E-04  3.774717E+01
    13.0500    1.676698E-04  7.463246E-04  3.792571E+01
    13.1000    2.907094E-04  7.375809E-04  3.810424E+01
    13.1500    4.016530E-04  7.288372E-04  3.828278E+01
    13.2000    4.972364E-04  7.200935E-04  3.846132E+01
    13.2500    5.747661E-04  7.113497E-04  3.863985E+01
    13.3000    6.321939E-04  7.026060E-04  3.881839E+01
    13.3500    6.681688E-04  6.938623E-04  3.899692E+01
    13.4000    6.820650E-04  6.851186E-04  3.917546E+01
    13.4500    6.739851E-04  6.763749E-04  3.935400E+01
    13.5000    6.447397E-04  6.676312E-04  3.953253E+01
    13.5500    5.958040E-04  6.588875E-04  3.971107E+01
    13.6000    5.292533E-04  6.501437E-04  3.988960E+01
    13.6500    4.476811E-04  6.414000E-04  4.006814E+01
    13.7000    3.541009E-04  6.326563E-04  4.024668E+01
    13.7500    2.518372E-04  6.239126E-04  4.042521E+01
    13.8000    1.444087E-04  6.151689E-04  4.060375E+01
    13.8500    3.540828E-05  6.064252E-04  4.078228E+01
    13.9000   -7.161756E-05  5.976815E-04  4.096082E+01
    13.9500   -1.732834E-04  5.889377E-04  4.113936E+01
    14.0000   -2.664724E-04  5.801940E-04  4.131789E+01
    14.0500   -3.500832E-04  5.736788E-04  4.149707E+01
    14.1000   -4.206447E-04  5.671636E-04  4.167625E+01
    14.1500   -4.761794E-04  5.606484E-04  4.185543E+01
    14.2000   -5.152411E-04  5.541332E-04  4.203461E+01
    14.2500   -5.369501E-04  5.476180E-04  4.221379E+01
    14.3000   -5.410100E-04  5.411028E-04  4.239297E+01
    14.3500   -5.277037E-04  5.345876E-04  4.257216E+01
    14.4000   -4.978720E-04  5.280724E-04  4.275134E+01
    14.4500   -4.528726E-04  5.215572E-04  4.293052E+01
    14.5000   -3.945241E-04  5.150420E-04  4.310970E+01
    14.5500   -3.250360E-04  5.085268E-04  4.328888E+01
    14.6000   -2.469263E-04  5.020116E-04  4.346806E+01
    14.6500   -1.629320E-04  4.954964E-04  4.364724E+01
    14.7000   -7.591378E-05  4.889812E-04  4.382642E+01
    14.7500    1.124099E-05  4.824660E-04  4.400560E+01
    14.8000    9.571414E-05  4.759508E-04  4.418478E+01
    14.8500    1.748477E-04  4.694356E-04  4.436396E+01
    14.9000    2.462274E-04  4.629204E-04  4.454314E+01
    14.9500    3.077563E-04  4.564052E-04  4.472232E+01
    15.0000    3.577161E-04  4.498901E-04  4.490150E+01
    15.0500    3.992299E-04  4.467486E-04  4.508768E+01
    15.1000    4.264239E-04  4.436072E-04  4.527385E+01
    15.1500    4.385597E-04  4.404658E-04  4.546003E+01
    15.2000    4.354302E-04  4.373244E-04  4.564620E+01
    15.2500    4.173600E-04  4.341830E-04  4.583238E+01
    15.3000    3.851859E-04  4.310416E-04  4.601855E+01
    15.3500    3.402213E-04  4.279002E-04  4.620473E+01
    15.4000    2.842036E-04  4.247588E-04  4.639090E+01
    15.4500    2.192277E-04  4.216174E-04  4.657708E+01
    15.5000    1.476685E-04  4.184760E-04  4.676325E+01
    15.5500    7.209388E-05  4.153346E-04  4.694943E+01
    15.6000   -4.827110E-06  4.121932E-04  4.713560E+01
    15.6500   -8.041840E-05  4.090518E-04  4.732178E+01
    15.7000   -1.520901E-04  4.059104E-04  4.750795E+01
    15.7500   -2.174271E-04  4.027690E-04  4.769413E+01
    15.8000   -2.742707E-04  3.996276E-04  4.788030E+01
    15.8500   -3.207893E-04  3.964862E-04  4.806648E+01
    15.9000   -3.555376E-04  3.933448E-04  4.825265E+01
    15.9500   -3.775007E-04  3.902034E-04  4.843883E+01
    16.0000   -3.861226E-04  3.870620E-04  4.862500E+01
    16.0500   -3.815466E-04  3.841425E-04  4.881101E+01
    16.1000   -3.639333E-04  3.812229E-04  4.899701E+01
    16.1500   -3.340864E-04  3.783034E-04  4.918302E+01
    16.2000   -2.932207E-04  3.753838E-04  4.936902E+01
    16.2500   -2.429137E-04  3.724643E-04  4.955503E+01
    16.3000   -1.850452E-04  3.695447E-04  4.974103E+01
    16.3500   -1.217277E-04  3.666252E-04  4.992704E+01
    16.4000   -5.522936E-05  3.637056E-04  5.011304E+01
    16.4500    1.210695E-05  3.607861E-04  5.029905E+01
    16.5000    7.794636E-05  3.578665E-04  5.048505E+01
    16.5500    1.400428E-04  3.549470E-04  5.067106E+01
    16.6000    1.963158E-04  3.520275E-04  5.085706E+01
    16.6500    2.449199E-04  3.491079E-04  5.104307E+01
    16.7000    2.843052E-04  3.461884E-04  5.122907E+01
    16.7500    3.132664E-04  3.432688E-04  5.141508E+01
    16.8000    3.309789E-04  3.403493E-04  5.160108E+01
    16.8500    3.370215E-04  3.374297E-04  5.178709E+01
    16.9000    3.313845E-04  3.345102E-04  5.197309E+01
    16.9500    3.144625E-04  3.315906E-04  5.215910E+01
    17.0000    2.870347E-04  3.286711E-04  5.234510E+01
    17.0500    2.509693E-04  3.254739E-04  5.252653E+01
    17.1000    2.074004E-04  3.222768E-04  5.270795E+01
    17.1500    1.579068E-04  3.190796E-04  5.288938E+01
    17.2000    1.042325E-04  3.158825E-04  5.307080E+01
    17.2500    4.822580E-05  3.126853E-04  5.325223E+01
    17.3000   -8.223935E-06  3.094882E-04  5.343365E+01
    17.3500   -6.325039E-05  3.062910E-04  5.361508E+01
    17.4000   -1.150718E-04  3.030939E-04  5.379650E+01
    17.4500   -1.620486E-04  2.998967E-04  5.397793E+01
    17.5000   -2.027355E-04  2.966996E-04  5.415935E+01
    17.5500   -2.359251E-04  2.935024E-04  5.434078E+01
    17.6000   -2.606843E-04  2.903053E-04  5.452220E+01
    17.6500   -2.763788E-04  2.871081E-04  5.470363E+01
    17.7000   -2.826888E-04  2.839109E-04  5.488505E+01
    17.7500   -2.796126E-04  2.807138E-04  5.506648E+01
    17.8000   -2.674603E-04  2.775166E-04  5.524790E+01
    17.8500   -2.468364E-04  2.743195E-04  5.542933E+01
    17.9000   -2.186134E-04  2.711223E-04  5.561075E+01
    17.9500   -1.838970E-04  2.679252E-04  5.579218E+01
    18.0000   -1.439831E-04  2.647280E-04  5.597360E+01
    18.0500   -9.933923E-05  2.629138E-04  5.616121E+01
    18.1000   -5.183581E-05  2.610995E-04  5.634881E+01
    18.1500   -3.176619E-06  2.592853E-04  5.653642E+01
    18.2000    4.491736E-05  2.574710E-04  5.672402E+01
    18.2500    9.076872E-05  2.556568E-04  5.691163E+01
    18.3000    1.328021E-04  2.538425E-04  5.709923E+01
    18.3500    1.695984E-04  2.520283E-04  5.728684E+01
    18.4000    1.999425E-04  2.502140E-04  5.747444E+01
    18.4500    2.228632E-04  2.483998E-04  5.766205E+01
    18.5000    2.376643E-04  2.465856E-04  5.784965E+01
    18.5500    2.439447E-04  2.447713E-04  5.803726E+01
    18.6000    2.416089E-04  2.429571E-04  5.822486E+01
    18.6500    2.308656E-04  2.411428E-04  5.841247E+01
    18.7000    2.122161E-04  2.393286E-04  5.860007E+01
    18.7500    1.864323E-04  2.375143E-04  5.878768E+01
    18.8000    1.545254E-04  2.357001E-04  5.897528E+01
    18.8500    1.177068E-04  2.338858E-04  5.916289E+01
    18.9000    7.734241E-05  2.320716E-04  5.935049E+01
    18.9500    3.490191E-05  2.302573E-04  5.953810E+01
    19.0000   -8.094481E-06  2.284431E-04  5.972570E+01
    19.0500   -5.140601E-05  2.275081E-04  5.991818E+01
    19.1000   -9.247042E-05  2.265731E-04  6.011066E+01
    19.1500   -1.297929E-04  2.256380E-04  6.030314E+01
    19.2000   -1.620290E-04  2.247030E-04  6.049562E+01
    19.2500   -1.880328E-04  2.237680E-04  6.068810E+01
    19.3000   -2.068978E-04  2.228330E-04  6.088058E+01
    19.3500   -2.179883E-04  2.218980E-04  6.107306E+01
    19.4000   -2.209608E-04  2.209630E-04  6.126554E+01
    19.4500   -2.157738E-04  2.200280E-04  6.145802E+01
    19.5000   -2.026873E-04  2.190930E-04  6.165050E+01
    19.5500   -1.822506E-04  2.181580E-04  6.184298E+01
    19.6000   -1.552791E-04  2.172229E-04  6.203546E+01
    19.6500   -1.228227E-04  2.162879E-04  6.222794E+01
    19.7000   -8.612441E-05  2.153529E-04  6.242042E+01
    19.7500   -4.657301E-05  2.144179E-04  6.261290E+01
    19.8000   -5.650646E-06  2.134829E-04  6.280538E+01
    19.8500    3.512282E-05  2.125479E-04  6.299786E+01
    19.9000    7.424625E-05  2.116129E-04  6.319034E+01
    19.9500    1.102925E-04  2.106779E-04  6.338282E+01
    20.0000    1.419603E-04  2.097429E-04  6.357530E+01
