                                                          Feff 6.01l  potph 4.12
 Abs   Z=29 Rmt= 1.134 Rnm= 1.685 K shell
 Pot 1 Z= 8 Rmt= 0.928 Rnm= 1.379
 Gam_ch=1.761E+00 H-L exch
 Mu=-2.855E+00 kf=1.562E+00 Vint=-1.215E+01 Rs_int= 2.322
 S02  1.000                                               Feff 6.01l ff2chi 2.01
 Curved wave amplitude ratio filter   4.000%
    file           sig2  cw amp ratio   deg  nlegs  r effective
 feff0001.dat    0.00000    100.00      1.00     2   2.0616
    1/   1 paths used
 -------------------------------------------------------------------------------
      k          chi          mag           phase @#
     0.0000   -1.160474E-01  1.336158E-01 -1.052200E+00
     0.0500   -1.143740E-01  1.324543E-01 -1.042165E+00
     0.1000   -1.127009E-01  1.312928E-01 -1.032130E+00
     0.1500   -1.110284E-01  1.301313E-01 -1.022095E+00
     0.2000   -1.093568E-01  1.289698E-01 -1.012060E+00
     0.2500   -1.063097E-01  1.278083E-01 -9.823250E-01
     0.3000   -1.032070E-01  1.266468E-01 -9.525900E-01
     0.3500   -1.000530E-01  1.254853E-01 -9.228550E-01
     0.4000   -9.685223E-02  1.243239E-01 -8.931200E-01
     0.4500   -9.168772E-02  1.226107E-01 -8.447350E-01
     0.5000   -8.641862E-02  1.208976E-01 -7.963500E-01
     0.5500   -8.106313E-02  1.191845E-01 -7.479650E-01
     0.6000   -7.563938E-02  1.174714E-01 -6.995800E-01
     0.6500   -6.838453E-02  1.154544E-01 -6.339200E-01
     0.7000   -6.104821E-02  1.134374E-01 -5.682600E-01
     0.7500   -5.367187E-02  1.114205E-01 -5.026000E-01
     0.8000   -4.629617E-02  1.094035E-01 -4.369400E-01
     0.8500   -3.735920E-02  1.072910E-01 -3.556550E-01
     0.9000   -2.849711E-02  1.051785E-01 -2.743700E-01
     0.9500   -1.977706E-02  1.030660E-01 -1.930850E-01
     1.0000   -1.126309E-02  1.009534E-01 -1.118000E-01
     1.0500   -1.645511E-03  9.889364E-02 -1.663997E-02
     1.1000    7.595586E-03  9.683385E-02  7.852003E-02
     1.1500    1.637773E-02  9.477406E-02  1.736800E-01
     1.2000    2.462614E-02  9.271426E-02  2.688400E-01
     1.2500    3.334603E-02  9.078791E-02  3.761000E-01
     1.3000    4.129902E-02  8.886155E-02  4.833600E-01
     1.3500    4.841213E-02  8.693519E-02  5.906200E-01
     1.4000    5.462623E-02  8.500883E-02  6.978800E-01
     1.4500    6.061594E-02  8.324486E-02  8.156401E-01
     1.5000    6.548194E-02  8.148088E-02  9.334001E-01
     1.5500    6.919426E-02  7.971691E-02  1.051160E+00
     1.6000    7.174232E-02  7.795293E-02  1.168920E+00
     1.6500    7.345029E-02  7.631720E-02  1.295830E+00
     1.7000    7.386442E-02  7.468146E-02  1.422740E+00
     1.7500    7.302940E-02  7.304573E-02  1.549650E+00
     1.8000    7.101097E-02  7.141000E-02  1.676560E+00
     1.8500    6.733182E-02  6.946165E-02  1.819070E+00
     1.9000    6.242354E-02  6.751331E-02  1.961580E+00
     1.9500    5.646044E-02  6.556497E-02  2.104090E+00
     2.0000    4.963397E-02  6.361662E-02  2.246600E+00
     2.0500    4.343247E-02  6.240484E-02  2.371810E+00
     2.1000    3.676827E-02  6.119306E-02  2.497020E+00
     2.1500    2.977032E-02  5.998127E-02  2.622230E+00
     2.2000    2.256900E-02  5.876949E-02  2.747440E+00
     2.2500    1.439115E-02  5.775197E-02  2.889750E+00
     2.3000    6.201851E-03  5.673445E-02  3.032060E+00
     2.3500   -1.825932E-03  5.571693E-02  3.174370E+00
     2.4000   -9.528324E-03  5.469942E-02  3.316680E+00
     2.4500   -1.711432E-02  5.374601E-02  3.465665E+00
     2.5000   -2.405284E-02  5.279260E-02  3.614650E+00
     2.5500   -3.020651E-02  5.183920E-02  3.763635E+00
     2.6000   -3.546091E-02  5.088579E-02  3.912620E+00
     2.6500   -3.969061E-02  4.985576E-02  4.062430E+00
     2.7000   -4.284513E-02  4.882573E-02  4.212240E+00
     2.7500   -4.489242E-02  4.779570E-02  4.362050E+00
     2.8000   -4.582856E-02  4.676568E-02  4.511860E+00
     2.8500   -4.572210E-02  4.577029E-02  4.666495E+00
     2.9000   -4.451045E-02  4.477491E-02  4.821130E+00
     2.9500   -4.226985E-02  4.377952E-02  4.975765E+00
     3.0000   -3.910034E-02  4.278414E-02  5.130400E+00
     3.0500   -3.512500E-02  4.174104E-02  5.283135E+00
     3.1000   -3.050333E-02  4.069793E-02  5.435870E+00
     3.1500   -2.538158E-02  3.965483E-02  5.588605E+00
     3.2000   -1.991275E-02  3.861172E-02  5.741340E+00
     3.2500   -1.419043E-02  3.764455E-02  5.896675E+00
     3.3000   -8.403578E-03  3.667737E-02  6.052010E+00
     3.3500   -2.705672E-03  3.571020E-02  6.207345E+00
     3.4000    2.758984E-03  3.474303E-02  6.362680E+00
     3.4500    7.905156E-03  3.379817E-02  6.519265E+00
     3.5000    1.257138E-02  3.285331E-02  6.675850E+00
     3.5500    1.665773E-02  3.190845E-02  6.832435E+00
     3.6000    2.008514E-02  3.096359E-02  6.989020E+00
     3.6500    2.278858E-02  3.009705E-02  7.142155E+00
     3.7000    2.478599E-02  2.923050E-02  7.295290E+00
     3.7500    2.606316E-02  2.836396E-02  7.448425E+00
     3.8000    2.662603E-02  2.749741E-02  7.601560E+00
     3.8500    2.658152E-02  2.671109E-02  7.755445E+00
     3.9000    2.588506E-02  2.592476E-02  7.909330E+00
     3.9500    2.459017E-02  2.513843E-02  8.063215E+00
     4.0000    2.276419E-02  2.435210E-02  8.217100E+00
     4.0500    2.055759E-02  2.363591E-02  8.370060E+00
     4.1000    1.797864E-02  2.291971E-02  8.523020E+00
     4.1500    1.511523E-02  2.220351E-02  8.675980E+00
     4.2000    1.205873E-02  2.148732E-02  8.828940E+00
     4.2500    9.003384E-03  2.087086E-02  8.978750E+00
     4.3000    5.912359E-03  2.025441E-02  9.128560E+00
     4.3500    2.864889E-03  1.963796E-02  9.278370E+00
     4.4000   -6.471559E-05  1.902150E-02  9.428181E+00
     4.4500   -2.876840E-03  1.847375E-02  9.581141E+00
     4.5000   -5.456907E-03  1.792599E-02  9.734101E+00
     4.5500   -7.750554E-03  1.737824E-02  9.887061E+00
     4.6000   -9.713819E-03  1.683048E-02  1.004002E+01
     4.6500   -1.135165E-02  1.636029E-02  1.019161E+01
     4.7000   -1.262689E-02  1.589010E-02  1.034319E+01
     4.7500   -1.352633E-02  1.541991E-02  1.049478E+01
     4.8000   -1.404738E-02  1.494972E-02  1.064636E+01
     4.8500   -1.427118E-02  1.454934E-02  1.079972E+01
     4.9000   -1.413618E-02  1.414896E-02  1.095308E+01
     4.9500   -1.366417E-02  1.374857E-02  1.110644E+01
     5.0000   -1.288494E-02  1.334819E-02  1.125980E+01
     5.0500   -1.188827E-02  1.299980E-02  1.141211E+01
     5.1000   -1.065911E-02  1.265141E-02  1.156442E+01
     5.1500   -9.240096E-03  1.230302E-02  1.171673E+01
     5.2000   -7.676945E-03  1.195463E-02  1.186904E+01
     5.2500   -6.008078E-03  1.165526E-02  1.202480E+01
     5.3000   -4.273334E-03  1.135588E-02  1.218056E+01
     5.3500   -2.521179E-03  1.105651E-02  1.233632E+01
     5.4000   -7.984171E-04  1.075714E-02  1.249208E+01
     5.4500    8.714551E-04  1.048384E-02  1.264959E+01
     5.5000    2.434310E-03  1.021055E-02  1.280710E+01
     5.5500    3.853629E-03  9.937250E-03  1.296461E+01
     5.6000    5.098511E-03  9.663953E-03  1.312212E+01
     5.6500    6.170786E-03  9.420211E-03  1.328063E+01
     5.7000    7.030203E-03  9.176469E-03  1.343914E+01
     5.7500    7.663896E-03  8.932727E-03  1.359765E+01
     5.8000    8.065905E-03  8.688985E-03  1.375616E+01
     5.8500    8.260312E-03  8.464885E-03  1.391687E+01
     5.9000    8.226160E-03  8.240786E-03  1.407758E+01
     5.9500    7.975732E-03  8.016686E-03  1.423829E+01
     6.0000    7.526992E-03  7.792586E-03  1.439900E+01
     6.0500    6.931003E-03  7.610642E-03  1.456299E+01
     6.1000    6.173578E-03  7.428697E-03  1.472698E+01
     6.1500    5.283543E-03  7.246753E-03  1.489097E+01
     6.2000    4.292396E-03  7.064808E-03  1.505496E+01
     6.2500    3.233258E-03  6.882864E-03  1.521895E+01
     6.3000    2.139808E-03  6.700919E-03  1.538294E+01
     6.3500    1.045239E-03  6.518974E-03  1.554693E+01
     6.4000   -1.873885E-05  6.337030E-03  1.571092E+01
     6.4500   -1.022807E-03  6.155085E-03  1.587491E+01
     6.5000   -1.940849E-03  5.973141E-03  1.603890E+01
     6.5500   -2.785206E-03  5.837299E-03  1.620536E+01
     6.6000   -3.513005E-03  5.701456E-03  1.637182E+01
     6.6500   -4.108232E-03  5.565614E-03  1.653828E+01
     6.7000   -4.559516E-03  5.429772E-03  1.670474E+01
     6.7500   -4.860309E-03  5.293929E-03  1.687120E+01
     6.8000   -5.008895E-03  5.158087E-03  1.703766E+01
     6.8500   -5.008261E-03  5.022244E-03  1.720412E+01
     6.9000   -4.865818E-03  4.886402E-03  1.737058E+01
     6.9500   -4.592986E-03  4.750560E-03  1.753704E+01
     7.0000   -4.204679E-03  4.614717E-03  1.770350E+01
     7.0500   -3.752395E-03  4.521177E-03  1.787052E+01
     7.1000   -3.213027E-03  4.427636E-03  1.803754E+01
     7.1500   -2.605636E-03  4.334096E-03  1.820456E+01
     7.2000   -1.950581E-03  4.240555E-03  1.837158E+01
     7.2500   -1.268856E-03  4.147014E-03  1.853860E+01
     7.3000   -5.814265E-04  4.053474E-03  1.870562E+01
     7.3500    9.140473E-05  3.959933E-03  1.887264E+01
     7.4000    7.305991E-04  3.866392E-03  1.903966E+01
     7.4500    1.318919E-03  3.772852E-03  1.920668E+01
     7.5000    1.841394E-03  3.679311E-03  1.937370E+01
     7.5500    2.308458E-03  3.618804E-03  1.954133E+01
     7.6000    2.695255E-03  3.558297E-03  1.970896E+01
     7.6500    2.993310E-03  3.497790E-03  1.987660E+01
     7.7000    3.197001E-03  3.437283E-03  2.004423E+01
     7.7500    3.303649E-03  3.376776E-03  2.021186E+01
     7.8000    3.313501E-03  3.316269E-03  2.037949E+01
     7.8500    3.229635E-03  3.255762E-03  2.054712E+01
     7.9000    3.057780E-03  3.195255E-03  2.071476E+01
     7.9500    2.806060E-03  3.134748E-03  2.088239E+01
     8.0000    2.484673E-03  3.074242E-03  2.105002E+01
     8.0500    2.115478E-03  3.032372E-03  2.121906E+01
     8.1000    1.696070E-03  2.990502E-03  2.138810E+01
     8.1500    1.239916E-03  2.948633E-03  2.155715E+01
     8.2000    7.611965E-04  2.906763E-03  2.172619E+01
     8.2500    2.743742E-04  2.864894E-03  2.189523E+01
     8.3000   -2.062465E-04  2.823024E-03  2.206427E+01
     8.3500   -6.669371E-04  2.781155E-03  2.223332E+01
     8.4000   -1.094938E-03  2.739285E-03  2.240236E+01
     8.4500   -1.478812E-03  2.697416E-03  2.257140E+01
     8.5000   -1.808747E-03  2.655546E-03  2.274044E+01
     8.5500   -2.087181E-03  2.621335E-03  2.291218E+01
     8.6000   -2.297128E-03  2.587124E-03  2.308393E+01
     8.6500   -2.434108E-03  2.552913E-03  2.325567E+01
     8.7000   -2.495943E-03  2.518702E-03  2.342741E+01
     8.7500   -2.482771E-03  2.484490E-03  2.359916E+01
     8.8000   -2.396982E-03  2.450279E-03  2.377090E+01
     8.8500   -2.243092E-03  2.416068E-03  2.394264E+01
     8.9000   -2.027548E-03  2.381857E-03  2.411439E+01
     8.9500   -1.758484E-03  2.347646E-03  2.428613E+01
     9.0000   -1.445426E-03  2.313435E-03  2.445787E+01
     9.0500   -1.093502E-03  2.280042E-03  2.463255E+01
     9.1000   -7.184835E-04  2.246649E-03  2.480722E+01
     9.1500   -3.325957E-04  2.213257E-03  2.498190E+01
     9.2000    5.193961E-05  2.179864E-03  2.515657E+01
     9.2500    4.232910E-04  2.146471E-03  2.533125E+01
     9.3000    7.703814E-04  2.113079E-03  2.550592E+01
     9.3500    1.083218E-03  2.079686E-03  2.568060E+01
     9.4000    1.353181E-03  2.046293E-03  2.585527E+01
     9.4500    1.573255E-03  2.012901E-03  2.602995E+01
     9.5000    1.738208E-03  1.979508E-03  2.620462E+01
     9.5500    1.845733E-03  1.946591E-03  2.638022E+01
     9.6000    1.892835E-03  1.913675E-03  2.655582E+01
     9.6500    1.880027E-03  1.880758E-03  2.673142E+01
     9.7000    1.809716E-03  1.847841E-03  2.690703E+01
     9.7500    1.686070E-03  1.814925E-03  2.708263E+01
     9.8000    1.514821E-03  1.782008E-03  2.725823E+01
     9.8500    1.303040E-03  1.749091E-03  2.743383E+01
     9.9000    1.058853E-03  1.716175E-03  2.760943E+01
     9.9500    7.911514E-04  1.683258E-03  2.778503E+01
    10.0000    5.092679E-04  1.650341E-03  2.796063E+01
    10.0500    2.213856E-04  1.625484E-03  2.813771E+01
    10.1000   -6.474473E-05  1.600627E-03  2.831480E+01
    10.1500   -3.400996E-04  1.575769E-03  2.849188E+01
    10.2000   -5.962662E-04  1.550912E-03  2.866896E+01
    10.2500   -8.256994E-04  1.526054E-03  2.884604E+01
    10.3000   -1.021943E-03  1.501197E-03  2.902312E+01
    10.3500   -1.179809E-03  1.476340E-03  2.920021E+01
    10.4000   -1.295510E-03  1.451482E-03  2.937729E+01
    10.4500   -1.366744E-03  1.426625E-03  2.955437E+01
    10.5000   -1.392720E-03  1.401768E-03  2.973145E+01
    10.5500   -1.374144E-03  1.376910E-03  2.990853E+01
    10.6000   -1.313144E-03  1.352053E-03  3.008562E+01
    10.6500   -1.213161E-03  1.327195E-03  3.026270E+01
    10.7000   -1.078786E-03  1.302338E-03  3.043978E+01
    10.7500   -9.155769E-04  1.277481E-03  3.061686E+01
    10.8000   -7.298394E-04  1.252623E-03  3.079394E+01
    10.8500   -5.283929E-04  1.227766E-03  3.097103E+01
    10.9000   -3.183254E-04  1.202909E-03  3.114811E+01
    10.9500   -1.067473E-04  1.178051E-03  3.132519E+01
    11.0000    9.944776E-05  1.153194E-03  3.150227E+01
    11.0500    3.006575E-04  1.141691E-03  3.168241E+01
    11.1000    4.881602E-04  1.130187E-03  3.186256E+01
    11.1500    6.561465E-04  1.118684E-03  3.204270E+01
    11.2000    7.995587E-04  1.107181E-03  3.222284E+01
    11.2500    9.142428E-04  1.095677E-03  3.240299E+01
    11.3000    9.970665E-04  1.084174E-03  3.258313E+01
    11.3500    1.046003E-03  1.072671E-03  3.276327E+01
    11.4000    1.060172E-03  1.061168E-03  3.294342E+01
    11.4500    1.039853E-03  1.049664E-03  3.312356E+01
    11.5000    9.864416E-04  1.038161E-03  3.330370E+01
    11.5500    9.023903E-04  1.026658E-03  3.348384E+01
    11.6000    7.910999E-04  1.015154E-03  3.366399E+01
    11.6500    6.567898E-04  1.003651E-03  3.384413E+01
    11.7000    5.043403E-04  9.921477E-04  3.402427E+01
    11.7500    3.391182E-04  9.806444E-04  3.420442E+01
    11.8000    1.667887E-04  9.691411E-04  3.438456E+01
    11.8500   -6.878123E-06  9.576378E-04  3.456470E+01
    11.9000   -1.762003E-04  9.461345E-04  3.474485E+01
    11.9500   -3.357700E-04  9.346312E-04  3.492499E+01
    12.0000   -4.806260E-04  9.231279E-04  3.510513E+01
    12.0500   -6.099950E-04  9.144944E-04  3.528774E+01
    12.1000   -7.167447E-04  9.058608E-04  3.547034E+01
    12.1500   -7.977440E-04  8.972273E-04  3.565294E+01
    12.2000   -8.507822E-04  8.885938E-04  3.583555E+01
    12.2500   -8.746257E-04  8.799602E-04  3.601815E+01
    12.3000   -8.690418E-04  8.713267E-04  3.620075E+01
    12.3500   -8.347879E-04  8.626931E-04  3.638336E+01
    12.4000   -7.735671E-04  8.540596E-04  3.656596E+01
    12.4500   -6.879529E-04  8.454261E-04  3.674856E+01
    12.5000   -5.812857E-04  8.367925E-04  3.693117E+01
    12.5500   -4.575454E-04  8.281590E-04  3.711377E+01
    12.6000   -3.212047E-04  8.195255E-04  3.729637E+01
    12.6500   -1.770680E-04  8.108919E-04  3.747898E+01
    12.7000   -3.010341E-05  8.022584E-04  3.766158E+01
    12.7500    1.147288E-04  7.936248E-04  3.784418E+01
    12.8000    2.526435E-04  7.849913E-04  3.802679E+01
    12.8500    3.791888E-04  7.763578E-04  3.820939E+01
    12.9000    4.903893E-04  7.677242E-04  3.839199E+01
    12.9500    5.828712E-04  7.590907E-04  3.857460E+01
    13.0000    6.539631E-04  7.504571E-04  3.875720E+01
    13.0500    7.010770E-04  7.412158E-04  3.893931E+01
    13.1000    7.239190E-04  7.319745E-04  3.912141E+01
    13.1500    7.223250E-04  7.227332E-04  3.930352E+01
    13.2000    6.969554E-04  7.134918E-04  3.948563E+01
    13.2500    6.492533E-04  7.042505E-04  3.966773E+01
    13.3000    5.813764E-04  6.950092E-04  3.984984E+01
    13.3500    4.961070E-04  6.857678E-04  4.003194E+01
    13.4000    3.967417E-04  6.765265E-04  4.021405E+01
    13.4500    2.869670E-04  6.672852E-04  4.039616E+01
    13.5000    1.707238E-04  6.580438E-04  4.057826E+01
    13.5500    5.206729E-05  6.488025E-04  4.076037E+01
    13.6000   -6.497473E-05  6.395612E-04  4.094247E+01
    13.6500   -1.765380E-04  6.303199E-04  4.112458E+01
    13.7000   -2.790498E-04  6.210785E-04  4.130669E+01
    13.7500   -3.693427E-04  6.118372E-04  4.148879E+01
    13.8000   -4.447526E-04  6.025959E-04  4.167090E+01
    13.8500   -5.031955E-04  5.933545E-04  4.185300E+01
    13.9000   -5.432234E-04  5.841132E-04  4.203511E+01
    13.9500   -5.640561E-04  5.748719E-04  4.221722E+01
    14.0000   -5.655886E-04  5.656306E-04  4.239932E+01
    14.0500   -5.517310E-04  5.600994E-04  4.258458E+01
    14.1000   -5.193426E-04  5.545682E-04  4.276984E+01
    14.1500   -4.698954E-04  5.490370E-04  4.295510E+01
    14.2000   -4.054210E-04  5.435058E-04  4.314036E+01
    14.2500   -3.284291E-04  5.379746E-04  4.332562E+01
    14.3000   -2.418113E-04  5.324435E-04  4.351088E+01
    14.3500   -1.487335E-04  5.269123E-04  4.369614E+01
    14.4000   -5.252039E-05  5.213811E-04  4.388139E+01
    14.4500    4.346275E-05  5.158499E-04  4.406665E+01
    14.5000    1.359280E-04  5.103187E-04  4.425191E+01
    14.5500    2.217774E-04  5.047875E-04  4.443717E+01
    14.6000    2.982063E-04  4.992564E-04  4.462243E+01
    14.6500    3.627956E-04  4.937252E-04  4.480769E+01
    14.7000    4.135868E-04  4.881940E-04  4.499295E+01
    14.7500    4.491413E-04  4.826628E-04  4.517821E+01
    14.8000    4.685787E-04  4.771316E-04  4.536347E+01
    14.8500    4.715959E-04  4.716004E-04  4.554873E+01
    14.9000    4.584649E-04  4.660693E-04  4.573398E+01
    14.9500    4.300105E-04  4.605381E-04  4.591924E+01
    15.0000    3.875694E-04  4.550069E-04  4.610450E+01
    15.0500    3.335991E-04  4.521544E-04  4.629409E+01
    15.1000    2.683999E-04  4.493019E-04  4.648367E+01
    15.1500    1.944449E-04  4.464494E-04  4.667326E+01
    15.2000    1.144897E-04  4.435969E-04  4.686284E+01
    15.2500    3.147053E-05  4.407444E-04  4.705243E+01
    15.3000   -5.160405E-05  4.378919E-04  4.724201E+01
    15.3500   -1.317618E-04  4.350394E-04  4.743160E+01
    15.4000   -2.061732E-04  4.321869E-04  4.762118E+01
    15.4500   -2.722515E-04  4.293344E-04  4.781077E+01
    15.5000   -3.277424E-04  4.264818E-04  4.800035E+01
    15.5500   -3.708008E-04  4.236293E-04  4.818994E+01
    15.6000   -4.000515E-04  4.207768E-04  4.837952E+01
    15.6500   -4.146332E-04  4.179243E-04  4.856911E+01
    15.7000   -4.142219E-04  4.150718E-04  4.875869E+01
    15.7500   -3.990357E-04  4.122193E-04  4.894828E+01
    15.8000   -3.698199E-04  4.093668E-04  4.913786E+01
    15.8500   -3.278125E-04  4.065143E-04  4.932745E+01
    15.9000   -2.746939E-04  4.036618E-04  4.951703E+01
    15.9500   -2.125193E-04  4.008093E-04  4.970662E+01
    16.0000   -1.436407E-04  3.979568E-04  4.989620E+01
    16.0500   -7.140245E-05  3.943742E-04  5.008343E+01
    16.1000    2.019775E-06  3.907916E-04  5.027065E+01
    16.1500    7.403775E-05  3.872091E-04  5.045788E+01
    16.2000    1.421590E-04  3.836265E-04  5.064510E+01
    16.2500    2.040729E-04  3.800439E-04  5.083233E+01
    16.3000    2.577292E-04  3.764614E-04  5.101955E+01
    16.3500    3.014055E-04  3.728788E-04  5.120678E+01
    16.4000    3.337622E-04  3.692962E-04  5.139400E+01
    16.4500    3.538828E-04  3.657137E-04  5.158123E+01
    16.5000    3.612984E-04  3.621311E-04  5.176845E+01
    16.5500    3.559959E-04  3.585485E-04  5.195568E+01
    16.6000    3.384098E-04  3.549659E-04  5.214290E+01
    16.6500    3.093986E-04  3.513834E-04  5.233013E+01
    16.7000    2.702058E-04  3.478008E-04  5.251735E+01
    16.7500    2.224087E-04  3.442182E-04  5.270458E+01
    16.8000    1.678562E-04  3.406357E-04  5.289180E+01
    16.8500    1.085974E-04  3.370531E-04  5.307903E+01
    16.9000    4.680565E-05  3.334705E-04  5.326625E+01
    16.9500   -1.530158E-05  3.298880E-04  5.345348E+01
    17.0000   -7.554178E-05  3.263054E-04  5.364070E+01
    17.0500   -1.319962E-04  3.231776E-04  5.382781E+01
    17.1000   -1.827806E-04  3.200499E-04  5.401492E+01
    17.1500   -2.262294E-04  3.169221E-04  5.420203E+01
    17.2000   -2.609659E-04  3.137944E-04  5.438914E+01
    17.2500   -2.859465E-04  3.106666E-04  5.457625E+01
    17.3000   -3.004903E-04  3.075388E-04  5.476336E+01
    17.3500   -3.042968E-04  3.044111E-04  5.495047E+01
    17.4000   -2.974490E-04  3.012833E-04  5.513758E+01
    17.4500   -2.804029E-04  2.981556E-04  5.532469E+01
    17.5000   -2.539640E-04  2.950278E-04  5.551180E+01
    17.5500   -2.192519E-04  2.919000E-04  5.569891E+01
    17.6000   -1.776543E-04  2.887723E-04  5.588602E+01
    17.6500   -1.307726E-04  2.856445E-04  5.607313E+01
    17.7000   -8.036029E-05  2.825168E-04  5.626024E+01
    17.7500   -2.825839E-05  2.793890E-04  5.644735E+01
    17.8000    2.367228E-05  2.762612E-04  5.663446E+01
    17.8500    7.361722E-05  2.731335E-04  5.682157E+01
    17.9000    1.198717E-04  2.700057E-04  5.700868E+01
    17.9500    1.608991E-04  2.668780E-04  5.719579E+01
    18.0000    1.953813E-04  2.637502E-04  5.738290E+01
    18.0500    2.247989E-04  2.624713E-04  5.757706E+01
    18.1000    2.455139E-04  2.611923E-04  5.777122E+01
    18.1500    2.568340E-04  2.599133E-04  5.796538E+01
    18.2000    2.584267E-04  2.586344E-04  5.815954E+01
    18.2500    2.503275E-04  2.573554E-04  5.835370E+01
    18.3000    2.329355E-04  2.560764E-04  5.854786E+01
    18.3500    2.069949E-04  2.547975E-04  5.874202E+01
    18.4000    1.735633E-04  2.535185E-04  5.893618E+01
    18.4500    1.339689E-04  2.522395E-04  5.913034E+01
    18.5000    8.975819E-05  2.509606E-04  5.932450E+01
    18.5500    4.263524E-05  2.496816E-04  5.951866E+01
    18.6000   -5.603652E-06  2.484026E-04  5.971282E+01
    18.6500   -5.313855E-05  2.471237E-04  5.990698E+01
    18.7000   -9.819452E-05  2.458447E-04  6.010114E+01
    18.7500   -1.391079E-04  2.445658E-04  6.029530E+01
    18.8000   -1.743877E-04  2.432868E-04  6.048946E+01
    18.8500   -2.027699E-04  2.420078E-04  6.068362E+01
    18.9000   -2.232627E-04  2.407289E-04  6.087778E+01
    18.9500   -2.351807E-04  2.394499E-04  6.107194E+01
    19.0000   -2.381679E-04  2.381709E-04  6.126610E+01
    19.0500   -2.326200E-04  2.371941E-04  6.145776E+01
    19.1000   -2.186260E-04  2.362172E-04  6.164942E+01
    19.1500   -1.967666E-04  2.352404E-04  6.184108E+01
    19.2000   -1.679054E-04  2.342635E-04  6.203274E+01
    19.2500   -1.331547E-04  2.332867E-04  6.222440E+01
    19.3000   -9.383331E-05  2.323098E-04  6.241606E+01
    19.3500   -5.141609E-05  2.313329E-04  6.260772E+01
    19.4000   -7.478800E-06  2.303561E-04  6.279938E+01
    19.4500    3.636041E-05  2.293792E-04  6.299104E+01
    19.5000    7.850060E-05  2.284024E-04  6.318270E+01
    19.5500    1.174165E-04  2.274255E-04  6.337436E+01
    19.6000    1.517138E-04  2.264487E-04  6.356602E+01
    19.6500    1.801788E-04  2.254718E-04  6.375768E+01
    19.7000    2.018217E-04  2.244949E-04  6.394934E+01
    19.7500    2.159106E-04  2.235181E-04  6.414100E+01
    19.8000    2.219964E-04  2.225412E-04  6.433266E+01
    19.8500    2.199264E-04  2.215644E-04  6.452432E+01
    19.9000    2.098475E-04  2.205875E-04  6.471598E+01
    19.9500    1.921985E-04  2.196107E-04  6.490764E+01
    20.0000    1.676910E-04  2.186338E-04  6.509930E+01
