                                                          Feff 6.01l  potph 4.12
 Abs   Z=29 Rmt= 1.122 Rnm= 1.672 K shell
 Pot 1 Z= 8 Rmt= 0.918 Rnm= 1.369
 Gam_ch=1.761E+00 H-L exch
 Mu=-2.823E+00 kf=1.586E+00 Vint=-1.240E+01 Rs_int= 2.287
 S02  1.000                                               Feff 6.01l ff2chi 2.01
 Curved wave amplitude ratio filter   4.000%
    file           sig2  cw amp ratio   deg  nlegs  r effective
 feff0001.dat    0.00000    100.00      1.00     2   2.0396
    1/   1 paths used
 -------------------------------------------------------------------------------
      k          chi          mag           phase @#
     0.0000   -1.194243E-01  1.355388E-01 -1.078200E+00
     0.0500   -1.177825E-01  1.343822E-01 -1.068490E+00
     0.1000   -1.161405E-01  1.332256E-01 -1.058780E+00
     0.1500   -1.144985E-01  1.320690E-01 -1.049070E+00
     0.2000   -1.128570E-01  1.309124E-01 -1.039360E+00
     0.2500   -1.099245E-01  1.297558E-01 -1.010625E+00
     0.3000   -1.069365E-01  1.285992E-01 -9.818900E-01
     0.3500   -1.038972E-01  1.274426E-01 -9.531550E-01
     0.4000   -1.008106E-01  1.262860E-01 -9.244200E-01
     0.4500   -9.582357E-02  1.245786E-01 -8.775600E-01
     0.5000   -9.072844E-02  1.228711E-01 -8.307000E-01
     0.5500   -8.554198E-02  1.211636E-01 -7.838400E-01
     0.6000   -8.028102E-02  1.194561E-01 -7.369800E-01
     0.6500   -7.323463E-02  1.174340E-01 -6.733700E-01
     0.7000   -6.609299E-02  1.154119E-01 -6.097600E-01
     0.7500   -5.889476E-02  1.133897E-01 -5.461500E-01
     0.8000   -5.167798E-02  1.113676E-01 -4.825400E-01
     0.8500   -4.290028E-02  1.092407E-01 -4.035800E-01
     0.9000   -3.416382E-02  1.071139E-01 -3.246200E-01
     0.9500   -2.553247E-02  1.049870E-01 -2.456600E-01
     1.0000   -1.706747E-02  1.028601E-01 -1.667000E-01
     1.0500   -7.456923E-03  1.007729E-01 -7.406497E-02
     1.1000    1.832492E-03  9.868577E-02  1.857003E-02
     1.1500    1.072012E-02  9.659860E-02  1.112050E-01
     1.2000    1.913208E-02  9.451144E-02  2.038400E-01
     1.2500    2.810538E-02  9.254283E-02  3.085750E-01
     1.3000    3.637849E-02  9.057423E-02  4.133100E-01
     1.3500    4.387597E-02  8.860563E-02  5.180450E-01
     1.4000    5.053499E-02  8.663703E-02  6.227800E-01
     1.4500    5.707648E-02  8.483630E-02  7.379650E-01
     1.5000    6.255532E-02  8.303557E-02  8.531501E-01
     1.5500    6.693291E-02  8.123484E-02  9.683351E-01
     1.6000    7.018889E-02  7.943411E-02  1.083520E+00
     1.6500    7.270836E-02  7.777192E-02  1.207955E+00
     1.7000    7.395701E-02  7.610973E-02  1.332390E+00
     1.7500    7.396455E-02  7.444754E-02  1.456825E+00
     1.8000    7.278137E-02  7.278535E-02  1.581260E+00
     1.8500    6.991080E-02  7.072624E-02  1.722795E+00
     1.9000    6.573006E-02  6.866713E-02  1.864330E+00
     1.9500    6.040289E-02  6.660802E-02  2.005865E+00
     2.0000    5.411258E-02  6.454891E-02  2.147400E+00
     2.0500    4.846782E-02  6.333443E-02  2.270135E+00
     2.1000    4.228528E-02  6.211996E-02  2.392870E+00
     2.1500    3.568439E-02  6.090548E-02  2.515605E+00
     2.2000    2.878762E-02  5.969101E-02  2.638340E+00
     2.2500    2.085041E-02  5.866349E-02  2.778225E+00
     2.3000    1.277368E-02  5.763597E-02  2.918110E+00
     2.3500    4.726818E-03  5.660845E-02  3.057995E+00
     2.4000   -3.126857E-03  5.558093E-02  3.197880E+00
     2.4500   -1.097288E-02  5.461303E-02  3.343890E+00
     2.5000   -1.830948E-02  5.364514E-02  3.489900E+00
     2.5500   -2.499172E-02  5.267725E-02  3.635910E+00
     2.6000   -3.089417E-02  5.170936E-02  3.781920E+00
     2.6500   -3.593841E-02  5.066453E-02  3.930155E+00
     2.7000   -3.997686E-02  4.961969E-02  4.078390E+00
     2.7500   -4.295565E-02  4.857486E-02  4.226625E+00
     2.8000   -4.484819E-02  4.753003E-02  4.374860E+00
     2.8500   -4.573889E-02  4.652873E-02  4.527870E+00
     2.9000   -4.550484E-02  4.552743E-02  4.680880E+00
     2.9500   -4.419788E-02  4.452614E-02  4.833890E+00
     3.0000   -4.189518E-02  4.352484E-02  4.986900E+00
     3.0500   -3.868888E-02  4.247055E-02  5.137585E+00
     3.1000   -3.473635E-02  4.141626E-02  5.288270E+00
     3.1500   -3.016895E-02  4.036197E-02  5.438955E+00
     3.2000   -2.512812E-02  3.930768E-02  5.589640E+00
     3.2500   -1.970395E-02  3.832855E-02  5.743250E+00
     3.3000   -1.407277E-02  3.734941E-02  5.896860E+00
     3.3500   -8.387727E-03  3.637028E-02  6.050470E+00
     3.4000   -2.796703E-03  3.539115E-02  6.204080E+00
     3.4500    2.608618E-03  3.443393E-02  6.359015E+00
     3.5000    7.656864E-03  3.347670E-02  6.513950E+00
     3.5500    1.223408E-02  3.251948E-02  6.668885E+00
     3.6000    1.624447E-02  3.156225E-02  6.823820E+00
     3.6500    1.958320E-02  3.068553E-02  6.975330E+00
     3.7000    2.226950E-02  2.980881E-02  7.126840E+00
     3.7500    2.426965E-02  2.893209E-02  7.278350E+00
     3.8000    2.556969E-02  2.805537E-02  7.429860E+00
     3.8500    2.625395E-02  2.725419E-02  7.582220E+00
     3.9000    2.626465E-02  2.645300E-02  7.734580E+00
     3.9500    2.563788E-02  2.565181E-02  7.886940E+00
     4.0000    2.442512E-02  2.485062E-02  8.039300E+00
     4.0500    2.277156E-02  2.412059E-02  8.190010E+00
     4.1000    2.067405E-02  2.339056E-02  8.340720E+00
     4.1500    1.821038E-02  2.266052E-02  8.491430E+00
     4.2000    1.546433E-02  2.193049E-02  8.642140E+00
     4.2500    1.262345E-02  2.130195E-02  8.790500E+00
     4.3000    9.654897E-03  2.067341E-02  8.938860E+00
     4.3500    6.638533E-03  2.004487E-02  9.087220E+00
     4.4000    3.651648E-03  1.941633E-02  9.235580E+00
     4.4500    7.186789E-04  1.886122E-02  9.386665E+00
     4.5000   -2.063685E-03  1.830610E-02  9.537751E+00
     4.5500   -4.632997E-03  1.775099E-02  9.688836E+00
     4.6000   -6.935445E-03  1.719588E-02  9.839921E+00
     4.6500   -8.939786E-03  1.671596E-02  9.989056E+00
     4.7000   -1.062516E-02  1.623605E-02  1.013819E+01
     4.7500   -1.196681E-02  1.575613E-02  1.028733E+01
     4.8000   -1.295003E-02  1.527621E-02  1.043646E+01
     4.8500   -1.365227E-02  1.487105E-02  1.058790E+01
     4.9000   -1.399355E-02  1.446588E-02  1.073933E+01
     4.9500   -1.398356E-02  1.406072E-02  1.089077E+01
     5.0000   -1.364071E-02  1.365555E-02  1.104220E+01
     5.0500   -1.304498E-02  1.330071E-02  1.119199E+01
     5.1000   -1.217780E-02  1.294588E-02  1.134177E+01
     5.1500   -1.107385E-02  1.259104E-02  1.149156E+01
     5.2000   -9.772305E-03  1.223620E-02  1.164134E+01
     5.2500   -8.321425E-03  1.193076E-02  1.179450E+01
     5.3000   -6.742508E-03  1.162531E-02  1.194766E+01
     5.3500   -5.081656E-03  1.131987E-02  1.210082E+01
     5.4000   -3.385111E-03  1.101443E-02  1.225398E+01
     5.4500   -1.684179E-03  1.073717E-02  1.240887E+01
     5.5000   -2.740872E-05  1.045992E-02  1.256375E+01
     5.5500    1.544475E-03  1.018266E-02  1.271864E+01
     5.6000    2.994830E-03  9.905408E-03  1.287352E+01
     5.6500    4.313847E-03  9.658380E-03  1.302938E+01
     5.7000    5.459666E-03  9.411353E-03  1.318524E+01
     5.7500    6.410656E-03  9.164326E-03  1.334110E+01
     5.8000    7.151427E-03  8.917299E-03  1.349696E+01
     5.8500    7.699862E-03  8.689209E-03  1.365532E+01
     5.9000    8.022265E-03  8.461120E-03  1.381368E+01
     5.9500    8.121040E-03  8.233030E-03  1.397204E+01
     6.0000    8.004757E-03  8.004940E-03  1.413040E+01
     6.0500    7.726002E-03  7.819545E-03  1.429200E+01
     6.1000    7.255125E-03  7.634150E-03  1.445360E+01
     6.1500    6.613760E-03  7.448755E-03  1.461520E+01
     6.2000    5.827501E-03  7.263361E-03  1.477680E+01
     6.2500    4.925000E-03  7.077966E-03  1.493840E+01
     6.3000    3.937013E-03  6.892571E-03  1.510000E+01
     6.3500    2.895405E-03  6.707176E-03  1.526160E+01
     6.4000    1.832164E-03  6.521781E-03  1.542320E+01
     6.4500    7.784365E-04  6.336386E-03  1.558480E+01
     6.5000   -2.363677E-04  6.150991E-03  1.574640E+01
     6.5500   -1.211090E-03  6.010724E-03  1.591084E+01
     6.6000   -2.108156E-03  5.870457E-03  1.607528E+01
     6.6500   -2.905484E-03  5.730189E-03  1.623972E+01
     6.7000   -3.584841E-03  5.589922E-03  1.640416E+01
     6.7500   -4.132244E-03  5.449655E-03  1.656860E+01
     6.8000   -4.538221E-03  5.309387E-03  1.673304E+01
     6.8500   -4.797922E-03  5.169120E-03  1.689748E+01
     6.9000   -4.911089E-03  5.028853E-03  1.706192E+01
     6.9500   -4.881876E-03  4.888585E-03  1.722636E+01
     7.0000   -4.718546E-03  4.748318E-03  1.739080E+01
     7.0500   -4.473122E-03  4.650528E-03  1.755586E+01
     7.1000   -4.114897E-03  4.552737E-03  1.772092E+01
     7.1500   -3.658567E-03  4.454947E-03  1.788598E+01
     7.2000   -3.121123E-03  4.357156E-03  1.805104E+01
     7.2500   -2.521261E-03  4.259366E-03  1.821610E+01
     7.3000   -1.878765E-03  4.161575E-03  1.838116E+01
     7.3500   -1.213873E-03  4.063784E-03  1.854622E+01
     7.4000   -5.466541E-04  3.965994E-03  1.871128E+01
     7.4500    1.035953E-04  3.868203E-03  1.887634E+01
     7.5000    7.189040E-04  3.770413E-03  1.904140E+01
     7.5500    1.297767E-03  3.706890E-03  1.920723E+01
     7.6000    1.821380E-03  3.643368E-03  1.937306E+01
     7.6500    2.276858E-03  3.579845E-03  1.953889E+01
     7.7000    2.653685E-03  3.516322E-03  1.970472E+01
     7.7500    2.943945E-03  3.452800E-03  1.987055E+01
     7.8000    3.142476E-03  3.389277E-03  2.003637E+01
     7.8500    3.246933E-03  3.325754E-03  2.020220E+01
     7.9000    3.257767E-03  3.262231E-03  2.036803E+01
     7.9500    3.178124E-03  3.198709E-03  2.053386E+01
     8.0000    3.013660E-03  3.135186E-03  2.069969E+01
     8.0500    2.789330E-03  3.091967E-03  2.086649E+01
     8.1000    2.493768E-03  3.048747E-03  2.103328E+01
     8.1500    2.137243E-03  3.005528E-03  2.120008E+01
     8.2000    1.731485E-03  2.962309E-03  2.136688E+01
     8.2500    1.289311E-03  2.919089E-03  2.153368E+01
     8.3000    8.242246E-04  2.875870E-03  2.170047E+01
     8.3500    3.500096E-04  2.832651E-03  2.186727E+01
     8.4000   -1.196796E-04  2.789432E-03  2.203407E+01
     8.4500   -5.717092E-04  2.746212E-03  2.220086E+01
     8.5000   -9.938335E-04  2.702993E-03  2.236766E+01
     8.5500   -1.385610E-03  2.668954E-03  2.253702E+01
     8.6000   -1.727934E-03  2.634915E-03  2.270637E+01
     8.6500   -2.012155E-03  2.600876E-03  2.287572E+01
     8.7000   -2.231534E-03  2.566837E-03  2.304508E+01
     8.7500   -2.381393E-03  2.532798E-03  2.321443E+01
     8.8000   -2.459207E-03  2.498759E-03  2.338379E+01
     8.8500   -2.464625E-03  2.464720E-03  2.355314E+01
     8.9000   -2.399422E-03  2.430681E-03  2.372249E+01
     8.9500   -2.267402E-03  2.396642E-03  2.389185E+01
     9.0000   -2.074222E-03  2.362603E-03  2.406120E+01
     9.0500   -1.823805E-03  2.329793E-03  2.423356E+01
     9.1000   -1.526345E-03  2.296982E-03  2.440592E+01
     9.1500   -1.192063E-03  2.264171E-03  2.457828E+01
     9.2000   -8.320250E-04  2.231360E-03  2.475063E+01
     9.2500   -4.577734E-04  2.198549E-03  2.492299E+01
     9.3000   -8.096405E-05  2.165739E-03  2.509535E+01
     9.3500    2.869980E-04  2.132928E-03  2.526771E+01
     9.4000    6.353030E-04  2.100117E-03  2.544007E+01
     9.4500    9.540544E-04  2.067306E-03  2.561242E+01
     9.5000    1.234549E-03  2.034495E-03  2.578478E+01
     9.5500    1.471033E-03  2.001626E-03  2.595829E+01
     9.6000    1.655646E-03  1.968756E-03  2.613180E+01
     9.6500    1.784399E-03  1.935887E-03  2.630531E+01
     9.7000    1.855167E-03  1.903017E-03  2.647881E+01
     9.7500    1.867695E-03  1.870148E-03  2.665232E+01
     9.8000    1.823557E-03  1.837278E-03  2.682583E+01
     9.8500    1.726042E-03  1.804409E-03  2.699934E+01
     9.9000    1.580004E-03  1.771539E-03  2.717285E+01
     9.9500    1.391651E-03  1.738670E-03  2.734635E+01
    10.0000    1.168311E-03  1.705800E-03  2.751986E+01
    10.0500    9.199239E-04  1.679779E-03  2.769479E+01
    10.1000    6.510379E-04  1.653759E-03  2.786971E+01
    10.1500    3.706072E-04  1.627738E-03  2.804464E+01
    10.2000    8.768437E-05  1.601717E-03  2.821956E+01
    10.2500   -1.888713E-04  1.575697E-03  2.839449E+01
    10.3000   -4.506707E-04  1.549676E-03  2.856941E+01
    10.3500   -6.900497E-04  1.523655E-03  2.874434E+01
    10.4000   -9.002927E-04  1.497635E-03  2.891927E+01
    10.4500   -1.075820E-03  1.471614E-03  2.909419E+01
    10.5000   -1.212333E-03  1.445594E-03  2.926912E+01
    10.5500   -1.306910E-03  1.419573E-03  2.944404E+01
    10.6000   -1.358064E-03  1.393552E-03  2.961897E+01
    10.6500   -1.365737E-03  1.367532E-03  2.979389E+01
    10.7000   -1.331262E-03  1.341511E-03  2.996882E+01
    10.7500   -1.257274E-03  1.315490E-03  3.014374E+01
    10.8000   -1.147577E-03  1.289470E-03  3.031867E+01
    10.8500   -1.006985E-03  1.263449E-03  3.049359E+01
    10.9000   -8.411285E-04  1.237428E-03  3.066852E+01
    10.9500   -6.562432E-04  1.211408E-03  3.084345E+01
    11.0000   -4.589417E-04  1.185387E-03  3.101837E+01
    11.0500   -2.557528E-04  1.173030E-03  3.119613E+01
    11.1000   -4.876865E-05  1.160673E-03  3.137390E+01
    11.1500    1.553862E-04  1.148315E-03  3.155166E+01
    11.2000    3.503138E-04  1.135958E-03  3.172942E+01
    11.2500    5.300434E-04  1.123601E-03  3.190719E+01
    11.3000    6.892145E-04  1.111243E-03  3.208495E+01
    11.3500    8.232358E-04  1.098886E-03  3.226271E+01
    11.4000    9.284167E-04  1.086529E-03  3.244048E+01
    11.4500    1.002067E-03  1.074172E-03  3.261824E+01
    11.5000    1.042561E-03  1.061814E-03  3.279600E+01
    11.5500    1.049369E-03  1.049457E-03  3.297376E+01
    11.6000    1.023048E-03  1.037100E-03  3.315153E+01
    11.6500    9.652005E-04  1.024743E-03  3.332929E+01
    11.7000    8.784015E-04  1.012385E-03  3.350705E+01
    11.7500    7.660910E-04  1.000028E-03  3.368482E+01
    11.8000    6.324449E-04  9.876708E-04  3.386258E+01
    11.8500    4.822231E-04  9.753135E-04  3.404034E+01
    11.9000    3.206019E-04  9.629562E-04  3.421811E+01
    11.9500    1.529974E-04  9.505990E-04  3.439587E+01
    12.0000   -1.511579E-05  9.382417E-04  3.457363E+01
    12.0500   -1.817309E-04  9.299420E-04  3.475421E+01
    12.1000   -3.395125E-04  9.216424E-04  3.493478E+01
    12.1500   -4.834820E-04  9.133427E-04  3.511536E+01
    12.2000   -6.091998E-04  9.050430E-04  3.529594E+01
    12.2500   -7.129022E-04  8.967434E-04  3.547651E+01
    12.3000   -7.916132E-04  8.884437E-04  3.565709E+01
    12.3500   -8.432281E-04  8.801440E-04  3.583766E+01
    12.4000   -8.665677E-04  8.718444E-04  3.601824E+01
    12.4500   -8.613996E-04  8.635447E-04  3.619882E+01
    12.5000   -8.284296E-04  8.552450E-04  3.637939E+01
    12.5500   -7.692603E-04  8.469454E-04  3.655997E+01
    12.6000   -6.863226E-04  8.386457E-04  3.674054E+01
    12.6500   -5.827795E-04  8.303460E-04  3.692112E+01
    12.7000   -4.624084E-04  8.220464E-04  3.710170E+01
    12.7500   -3.294650E-04  8.137467E-04  3.728227E+01
    12.8000   -1.885335E-04  8.054470E-04  3.746285E+01
    12.8500   -4.436952E-05  7.971474E-04  3.764342E+01
    12.9000    9.826081E-05  7.888477E-04  3.782400E+01
    12.9500    2.347378E-04  7.805480E-04  3.800458E+01
    13.0000    3.607382E-04  7.722484E-04  3.818515E+01
    13.0500    4.715492E-04  7.629726E-04  3.836536E+01
    13.1000    5.644736E-04  7.536968E-04  3.854557E+01
    13.1500    6.369123E-04  7.444209E-04  3.872578E+01
    13.2000    6.870013E-04  7.351451E-04  3.890600E+01
    13.2500    7.136559E-04  7.258693E-04  3.908621E+01
    13.3000    7.165892E-04  7.165935E-04  3.926642E+01
    13.3500    6.963017E-04  7.073177E-04  3.944663E+01
    13.4000    6.540469E-04  6.980419E-04  3.962684E+01
    13.4500    5.917705E-04  6.887661E-04  3.980705E+01
    13.5000    5.120291E-04  6.794903E-04  3.998726E+01
    13.5500    4.178899E-04  6.702145E-04  4.016747E+01
    13.6000    3.128156E-04  6.609387E-04  4.034768E+01
    13.6500    2.005390E-04  6.516629E-04  4.052789E+01
    13.7000    8.493098E-05  6.423871E-04  4.070811E+01
    13.7500   -3.013183E-05  6.331113E-04  4.088832E+01
    13.8000   -1.408973E-04  6.238355E-04  4.106853E+01
    13.8500   -2.438602E-04  6.145597E-04  4.124874E+01
    13.9000   -3.358728E-04  6.052839E-04  4.142895E+01
    13.9500   -4.142408E-04  5.960081E-04  4.160916E+01
    14.0000   -4.768015E-04  5.867323E-04  4.178937E+01
    14.0500   -5.253926E-04  5.806145E-04  4.197183E+01
    14.1000   -5.555967E-04  5.744966E-04  4.215428E+01
    14.1500   -5.667912E-04  5.683788E-04  4.233674E+01
    14.2000   -5.590035E-04  5.622610E-04  4.251920E+01
    14.2500   -5.328965E-04  5.561432E-04  4.270165E+01
    14.3000   -4.897336E-04  5.500253E-04  4.288411E+01
    14.3500   -4.313230E-04  5.439075E-04  4.306657E+01
    14.4000   -3.599459E-04  5.377897E-04  4.324902E+01
    14.4500   -2.782687E-04  5.316719E-04  4.343148E+01
    14.5000   -1.892453E-04  5.255540E-04  4.361394E+01
    14.5500   -9.601045E-05  5.194362E-04  4.379639E+01
    14.6000   -1.770101E-06  5.133184E-04  4.397885E+01
    14.6500    9.030891E-05  5.072006E-04  4.416131E+01
    14.7000    1.772052E-04  5.010827E-04  4.434376E+01
    14.7500    2.561420E-04  4.949649E-04  4.452622E+01
    14.8000    3.246756E-04  4.888471E-04  4.470868E+01
    14.8500    3.807709E-04  4.827292E-04  4.489113E+01
    14.9000    4.228607E-04  4.766114E-04  4.507359E+01
    14.9500    4.498880E-04  4.704936E-04  4.525605E+01
    15.0000    4.613302E-04  4.643758E-04  4.543850E+01
    15.0500    4.602422E-04  4.614644E-04  4.562589E+01
    15.1000    4.431190E-04  4.585531E-04  4.581328E+01
    15.1500    4.107602E-04  4.556417E-04  4.600067E+01
    15.2000    3.644892E-04  4.527304E-04  4.618806E+01
    15.2500    3.060999E-04  4.498190E-04  4.637545E+01
    15.3000    2.377882E-04  4.469077E-04  4.656284E+01
    15.3500    1.620695E-04  4.439963E-04  4.675023E+01
    15.4000    8.168614E-05  4.410850E-04  4.693762E+01
    15.4500   -4.912184E-07  4.381736E-04  4.712501E+01
    15.5000   -8.156664E-05  4.352622E-04  4.731240E+01
    15.5500   -1.587207E-04  4.323509E-04  4.749979E+01
    15.6000   -2.293086E-04  4.294395E-04  4.768718E+01
    15.6500   -2.909506E-04  4.265282E-04  4.787457E+01
    15.7000   -3.416126E-04  4.236168E-04  4.806196E+01
    15.7500   -3.796725E-04  4.207055E-04  4.824935E+01
    15.8000   -4.039719E-04  4.177941E-04  4.843674E+01
    15.8500   -4.138505E-04  4.148828E-04  4.862413E+01
    15.9000   -4.091628E-04  4.119714E-04  4.881152E+01
    15.9500   -3.902758E-04  4.090601E-04  4.899891E+01
    16.0000   -3.580492E-04  4.061487E-04  4.918630E+01
    16.0500   -3.138476E-04  4.028068E-04  4.937217E+01
    16.1000   -2.596088E-04  3.994649E-04  4.955804E+01
    16.1500   -1.973656E-04  3.961230E-04  4.974391E+01
    16.2000   -1.293945E-04  3.927810E-04  4.992978E+01
    16.2500   -5.813219E-05  3.894391E-04  5.011565E+01
    16.3000    1.391133E-05  3.860972E-04  5.030152E+01
    16.3500    8.424125E-05  3.827553E-04  5.048739E+01
    16.4000    1.504643E-04  3.794134E-04  5.067326E+01
    16.4500    2.103702E-04  3.760714E-04  5.085913E+01
    16.5000    2.620054E-04  3.727295E-04  5.104500E+01
    16.5500    3.037364E-04  3.693876E-04  5.123087E+01
    16.6000    3.343012E-04  3.660457E-04  5.141674E+01
    16.6500    3.528468E-04  3.627038E-04  5.160261E+01
    16.7000    3.589514E-04  3.593618E-04  5.178848E+01
    16.7500    3.526317E-04  3.560199E-04  5.197435E+01
    16.8000    3.343345E-04  3.526780E-04  5.216022E+01
    16.8500    3.049132E-04  3.493361E-04  5.234609E+01
    16.9000    2.655909E-04  3.459942E-04  5.253196E+01
    16.9500    2.179111E-04  3.426522E-04  5.271783E+01
    17.0000    1.636778E-04  3.393103E-04  5.290370E+01
    17.0500    1.053343E-04  3.359309E-04  5.308814E+01
    17.1000    4.459481E-05  3.325514E-04  5.327257E+01
    17.1500   -1.642900E-05  3.291720E-04  5.345701E+01
    17.2000   -7.565756E-05  3.257925E-04  5.364144E+01
    17.2500   -1.311142E-04  3.224131E-04  5.382588E+01
    17.3000   -1.809910E-04  3.190336E-04  5.401031E+01
    17.3500   -2.237079E-04  3.156542E-04  5.419475E+01
    17.4000   -2.579621E-04  3.122747E-04  5.437918E+01
    17.4500   -2.827678E-04  3.088953E-04  5.456362E+01
    17.5000   -2.974830E-04  3.055158E-04  5.474805E+01
    17.5500   -3.018253E-04  3.021364E-04  5.493249E+01
    17.6000   -2.958734E-04  2.987569E-04  5.511692E+01
    17.6500   -2.800573E-04  2.953775E-04  5.530136E+01
    17.7000   -2.551357E-04  2.919980E-04  5.548579E+01
    17.7500   -2.221628E-04  2.886186E-04  5.567023E+01
    17.8000   -1.824453E-04  2.852391E-04  5.585466E+01
    17.8500   -1.374921E-04  2.818597E-04  5.603910E+01
    17.9000   -8.895728E-05  2.784802E-04  5.622353E+01
    17.9500   -3.857958E-05  2.751008E-04  5.640797E+01
    18.0000    1.187947E-05  2.717213E-04  5.659240E+01
    18.0500    6.286810E-05  2.701734E-04  5.678352E+01
    18.1000    1.109955E-04  2.686254E-04  5.697463E+01
    18.1500    1.545456E-04  2.670774E-04  5.716575E+01
    18.2000    1.919885E-04  2.655294E-04  5.735686E+01
    18.2500    2.220340E-04  2.639814E-04  5.754798E+01
    18.3000    2.436763E-04  2.624334E-04  5.773909E+01
    18.3500    2.562271E-04  2.608855E-04  5.793021E+01
    18.4000    2.593370E-04  2.593375E-04  5.812132E+01
    18.4500    2.530046E-04  2.577895E-04  5.831244E+01
    18.5000    2.375720E-04  2.562415E-04  5.850355E+01
    18.5500    2.137089E-04  2.546935E-04  5.869467E+01
    18.6000    1.823837E-04  2.531455E-04  5.888578E+01
    18.6500    1.448250E-04  2.515976E-04  5.907690E+01
    18.7000    1.024736E-04  2.500496E-04  5.926801E+01
    18.7500    5.692720E-05  2.485016E-04  5.945913E+01
    18.8000    9.880284E-06  2.469536E-04  5.965024E+01
    18.8500   -3.693880E-05  2.454056E-04  5.984136E+01
    18.9000   -8.183140E-05  2.438576E-04  6.003247E+01
    18.9500   -1.231902E-04  2.423096E-04  6.022359E+01
    19.0000   -1.595568E-04  2.407617E-04  6.041470E+01
    19.0500   -1.902604E-04  2.399243E-04  6.060598E+01
    19.1000   -2.138301E-04  2.390870E-04  6.079726E+01
    19.1500   -2.294575E-04  2.382496E-04  6.098854E+01
    19.2000   -2.366293E-04  2.374123E-04  6.117982E+01
    19.2500   -2.351439E-04  2.365749E-04  6.137110E+01
    19.3000   -2.251162E-04  2.357376E-04  6.156238E+01
    19.3500   -2.069716E-04  2.349002E-04  6.175366E+01
    19.4000   -1.814278E-04  2.340629E-04  6.194494E+01
    19.4500   -1.494674E-04  2.332255E-04  6.213622E+01
    19.5000   -1.122993E-04  2.323882E-04  6.232750E+01
    19.5500   -7.131366E-05  2.315508E-04  6.251878E+01
    19.6000   -2.802963E-05  2.307135E-04  6.271006E+01
    19.6500    1.596079E-05  2.298761E-04  6.290134E+01
    19.7000    5.905140E-05  2.290388E-04  6.309262E+01
    19.7500    9.968039E-05  2.282014E-04  6.328390E+01
    19.8000    1.363870E-04  2.273641E-04  6.347518E+01
    19.8500    1.678639E-04  2.265267E-04  6.366646E+01
    19.9000    1.930039E-04  2.256894E-04  6.385774E+01
    19.9500    2.109387E-04  2.248520E-04  6.404902E+01
    20.0000    2.210690E-04  2.240147E-04  6.424030E+01
